[[116 331 303 963 456 225 827 381 99 649 395 975 566 213 694]
[254 629 303 597 980 462 533 231 443 912 451 926 105 162 742]
[611 734 668 308 101 863 279 976 127 549 438 456 887 466 634]
[748 307 1002 621 215 6 340 142 411 250 873 371 554 434 638]
[939 554 840 633 48 579 291 878 1004 659 439 63 64 579 374]
[621 395 563 31 844 124 640 944 427 541 255 712 647 33 20]
[713 407 504 197 234 520 92 18 595 370 529 659 757 755 984]
[80 664 639 999 623 816 67 851 63 303 208 694 853 441 320]
[351 920 714 66 902 947 306 40 908 842 628 787 357 748 858]
[88 807 386 630 276 632 534 721 386 188 620 31 696 660 726]
[513 608 608 712 206 230 691 127 247 905 331 424 259 264 102]
[734 133 268 184 522 560 537 611 931 422 410 635 805 630 643]
[246 1011 540 343 436 157 498 185 817 559 878 563 160 116 69]
[336 652 584 671 579 444 348 200 920 456 935 379 636 290 751]
[482 241 718 976 357 557 114 450 498 868 970 190 628 211 235]]
