[[116 331 303 963 456 225 827 381 99 649 395 975 566 213 694 254 629 303 597 980 462 533 231 443 912 451 926 105 162 742 611 734 668 308 101 863 279 976 127 549 438 456 887 466 634 748 307 1002 621 215 6 340 142 411 250 873 371 554 434 638 939 554 840 633 48 579 291 878 1004 659 439 63 64 579 374 621 395 563 31 844 124 640 944 427 541 255 712 647 33 20 713 407 504 197 234 520 92 18 595 370 529 659 757 755 984 80 664 639 999 623 816 67 851 63 303]
[208 694 853 441 320 351 920 714 66 902 947 306 40 908 842 628 787 357 748 858 88 807 386 630 276 632 534 721 386 188 620 31 696 660 726 513 608 608 712 206 230 691 127 247 905 331 424 259 264 102 734 133 268 184 522 560 537 611 931 422 410 635 805 630 643 246 1011 540 343 436 157 498 185 817 559 878 563 160 116 69 336 652 584 671 579 444 348 200 920 456 935 379 636 290 751 482 241 718 976 357 557 114 450 498 868 970 190 628 211 235 883 307 822 944 476]
[337 923 367 558 519 25 858 608 690 280 910 1017 803 506 177 996 824 109 777 484 324 280 343 299 778 679 664 506 604 371 4 465 875 236 130 477 1002 429 558 1009 360 959 644 448 680 290 444 979 538 750 171 408 16 0 479 75 939 385 872 354 362 455 257 286 317 808 905 183 974 279 821 862 792 731 411 864 414 387 637 261 829 716 849 755 735 97 106 859 623 8 244 381 418 807 983 797 614 413 793 31 804 75 235 914 760 132 797 619 191 669 766 804 294 749 270]
[886 151 688 129 123 841 330 132 124 879 443 802 657 345 728 665 676 345 174 480 110 776 224 116 931 160 708 644 930 83 983 697 865 383 625 181 729 469 656 674 126 732 657 309 387 108 264 491 562 453 694 100 779 291 611 230 236 827 23 789 352 447 186 868 821 866 805 927 906 480 530 260 75 327 283 495 190 793 626 797 581 574 76 299 965 619 551 358 387 579 370 915 726 534 671 209 915 1018 32 796 587 422 198 311 43 254 242 40 438 875 566 235 465 195 75]
[513 319 576 943 752 455 437 3 638 961 455 1015 63 152 364 956 823 303 817 899 825 51 559 1000 908 344 378 696 57 926 805 805 596 690 923 514 308 495 381 594 147 400 11 205 67 409 218 810 341 3 441 611 634 557 147 50 575 1004 1009 696 170 793 432 596 691 280 834 6 992 124 96 304 178 519 540 910 303 65 855 912 458 0 334 1019 864 773 265 514 616 818 401 939 456 511 998 766 937 639 707 563 321 682 679 111 491 332 494 385 710 298 842 675 355 682 667]
[885 11 416 320 546 52 696 671 436 194 850 587 977 307 726 203 612 446 728 791 875 508 311 1019 362 599 821 2 943 931 385 244 173 90 479 428 264 1005 783 825 158 987 915 571 364 138 278 67 367 31 384 957 152 650 776 352 543 147 282 693 452 958 103 998 266 614 723 39 377 462 50 467 102 935 935 589 300 220 497 230 240 482 338 396 196 305 882 78 792 506 187 171 766 194 674 914 298 853 809 411 280 13 1016 119 111 997 298 1023 515 275 224 159 739 816 711]
[58 229 483 891 842 933 562 358 290 383 190 881 376 540 184 462 962 749 763 987 678 335 13 804 726 622 710 295 484 971 1009 101 536 965 960 406 1014 202 890 623 403 979 441 414 395 678 762 533 278 78 203 877 867 1020 512 184 52 892 807 684 227 909 297 787 678 784 761 687 896 199 312 335 312 539 760 28 480 202 281 105 896 986 662 307 637 326 939 519 411 1005 641 650 3 194 796 152 563 597 169 803 966 933 111 430 116 461 147 76 976 259 442 224 662 580 341]
[290 884 881 375 581 587 950 991 834 120 135 564 381 360 20 389 272 720 690 414 531 462 770 933 978 595 992 938 34 784 251 81 877 198 494 704 22 94 968 938 873 610 663 993 75 905 476 810 954 31 669 782 451 546 654 464 301 555 436 453 853 427 350 207 961 191 567 691 685 865 215 606 653 610 597 240 42 858 1001 734 236 630 284 443 69 261 308 780 100 328 521 427 206 213 192 193 964 565 370 239 358 293 810 491 900 983 76 97 771 410 804 193 242 905 43]
[239 629 731 195 292 146 186 989 597 381 90 463 600 175 675 20 452 667 834 162 28 791 731 60 653 50 405 9 78 620 905 219 323 775 252 668 998 113 998 3 524 624 590 341 605 619 410 225 923 675 361 973 923 601 320 618 522 210 815 25 225 796 615 418 409 344 356 424 545 807 711 510 191 211 938 732 706 271 49 201 397 238 710 174 771 812 809 163 119 234 691 674 754 222 86 98 698 19 367 821 130 566 754 871 496 851 96 937 960 38 409 616 802 912 393]
[543 444 461 556 193 369 659 106 260 870 967 417 742 51 698 120 350 936 561 371 609 985 229 773 432 425 42 100 198 702 729 348 836 314 286 218 78 42 622 100 433 611 934 609 879 725 410 633 221 532 886 265 192 399 767 927 483 791 755 67 192 641 308 96 488 83 388 408 306 882 59 38 523 322 275 402 492 71 187 46 3 263 511 1016 910 610 856 582 627 542 51 177 783 937 417 789 844 747 69 729 123 353 797 852 583 214 501 800 71 841 570 287 696 720 332]
[319 589 342 137 381 544 796 1003 115 299 295 331 567 1002 914 887 790 824 305 33 372 21 40 905 42 252 953 321 498 619 455 998 350 1013 31 370 832 538 586 150 953 235 386 607 589 622 108 965 365 578 538 60 470 58 284 27 689 745 673 266 512 303 242 75 734 270 613 849 439 6 416 288 478 651 263 376 455 414 857 174 100 670 304 1019 350 6 137 866 609 559 291 991 195 907 365 943 194 311 559 906 420 15 746 224 78 110 504 277 38 766 611 984 187 465 967]
[956 522 819 642 711 690 865 22 848 787 822 56 251 142 903 411 555 729 514 52 987 962 114 1008 807 354 140 80 716 790 570 259 34 91 233 600 825 673 316 14 207 11 565 530 242 491 1009 670 270 654 208 626 1000 438 511 428 442 714 577 837 565 34 763 264 510 995 510 528 829 353 165 138 152 969 987 240 667 266 25 717 523 43 771 982 269 995 995 128 998 47 174 447 197 452 467 107 508 284 214 725 220 50 892 563 425 76 153 38 770 533 421 315 753 371 570]
[28 661 384 239 18 20 963 498 965 175 929 680 88 811 940 125 180 814 133 904 498 339 129 443 744 673 328 345 251 477 787 224 426 320 988 280 20 729 120 665 326 38 725 602 409 648 180 406 528 105 5 494 929 105 77 835 264 210 328 368 789 744 402 931 375 806 414 644 333 648 410 54 584 78 153 761 434 787 288 267 464 80 580 1020 947 858 665 419 222 544 304 45 898 844 332 147 171 740 924 107 105 276 646 520 531 801 97 592 802 609 469 900 447 829 971]
[886 400 258 142 165 61 380 883 914 324 837 32 486 48 568 248 884 576 1005 745 567 341 702 356 657 620 708 259 218 405 368 908 353 165 791 563 280 698 807 158 343 957 272 603 588 915 142 957 765 684 144 807 336 826 61 783 307 969 939 978 575 938 84 57 312 714 833 132 186 535 261 330 720 570 136 128 557 188 498 349 662 72 175 174 867 135 720 531 791 171 370 680 192 576 719 586 565 734 208 403 879 849 277 870 300 538 515 303 755 961 185 277 438 787 811]
[965 776 406 568 916 196 399 975 253 175 502 36 17 953 196 9 253 364 441 112 668 997 47 804 527 436 838 571 1000 534 452 818 648 323 479 89 667 745 686 786 993 55 897 580 443 317 928 631 740 41 0 666 789 88 254 300 20 284 126 613 977 118 304 783 452 295 763 543 541 508 190 345 800 156 162 856 756 45 919 354 910 138 767 649 748 409 19 685 145 884 770 637 144 822 570 132 520 739 91 465 943 398 762 757 834 577 946 578 642 310 478 712 824 170 1016]
[983 869 34 946 262 16 7 971 953 849 18 647 890 396 984 365 348 29 717 746 750 36 787 209 1005 306 516 59 206 163 834 202 986 449 788 8 810 421 900 10 890 964 555 202 692 1007 573 447 334 567 376 217 406 659 1016 295 117 219 99 531 183 573 270 955 635 409 1001 543 756 510 652 22 442 386 2 15 853 99 232 553 190 176 350 253 325 30 437 276 831 547 600 621 462 593 228 40 880 692 79 888 203 153 960 824 568 813 517 992 859 632 857 871 865 57 189]
[847 1007 401 826 433 67 256 606 22 327 690 406 115 21 922 879 303 410 85 588 831 864 469 473 502 201 429 298 134 116 698 970 420 204 810 358 330 187 558 63 717 82 343 734 349 543 125 313 980 872 350 369 410 323 344 569 621 998 527 682 770 678 264 918 669 198 911 574 558 930 435 187 102 358 203 503 704 935 167 905 867 268 519 900 172 48 220 887 1003 727 190 548 138 651 307 197 847 24 127 450 922 625 426 564 708 524 265 549 750 881 710 982 963 53 289]
[140 1014 123 959 737 463 635 50 91 802 953 444 1014 608 990 546 58 25 652 123 86 745 184 317 745 860 963 351 743 927 826 148 111 571 873 893 398 870 481 784 654 940 724 296 429 927 678 68 727 678 207 823 829 858 888 777 21 217 320 309 792 508 793 651 138 881 614 514 495 642 355 581 724 85 867 950 52 544 387 691 283 653 854 72 745 34 13 239 827 72 36 750 401 153 217 351 401 767 230 334 242 676 417 116 766 810 901 756 269 626 205 784 487 915 353]
[422 615 444 863 477 138 130 862 56 827 1012 271 642 312 408 891 233 142 553 63 485 473 155 799 206 948 858 978 137 687 120 447 47 166 198 573 361 626 86 86 609 778 415 270 356 803 204 538 288 603 259 237 574 667 902 398 208 550 229 656 713 625 303 150 121 549 781 516 426 60 1000 619 702 46 110 140 898 978 419 822 754 429 639 948 401 584 129 676 957 292 308 452 866 379 471 897 583 627 939 803 323 219 219 755 404 803 520 750 655 290 70 198 990 808 505]
[550 618 955 217 958 163 805 395 1019 237 119 619 109 107 632 360 561 447 138 480 466 33 583 679 3 214 647 909 889 525 466 596 180 981 40 525 124 489 248 788 493 188 401 709 709 867 468 43 791 522 867 237 805 979 885 586 1005 292 137 787 541 1012 449 794 33 1012 11 900 403 129 1014 446 453 316 993 567 634 717 453 40 702 430 890 870 486 876 477 428 962 769 390 866 923 776 537 951 882 409 16 519 371 956 224 861 200 425 143 337 645 16 25 372 175 225 157]
[628 628 894 487 256 737 656 1002 947 203 911 368 591 577 529 670 479 677 983 730 337 48 680 314 180 391 656 187 828 297 282 175 792 557 104 30 946 779 331 924 801 256 963 755 979 719 1 138 445 724 933 616 915 704 637 273 860 675 939 196 871 562 370 351 345 977 562 912 817 703 989 295 628 178 648 938 908 223 876 744 817 659 807 572 8 564 529 326 1015 896 754 12 379 148 952 183 640 581 652 655 634 98 426 535 395 96 29 844 258 844 23 576 462 639 934]
[580 289 678 703 276 801 889 543 541 360 867 661 219 861 1008 816 869 895 569 727 553 295 159 9 69 194 368 522 875 686 556 769 293 886 1001 486 436 204 143 400 946 9 989 493 340 427 999 243 154 165 813 172 735 543 887 114 288 633 728 775 961 322 714 555 628 533 202 231 814 561 571 579 388 516 918 502 630 406 30 961 271 976 708 698 759 315 108 1007 960 594 887 95 941 92 775 1017 770 35 602 715 251 965 905 217 288 177 862 45 43 562 656 0 516 787 39]
[353 70 1 986 615 913 116 889 215 396 677 750 606 508 579 389 577 63 797 679 217 482 564 418 672 680 989 415 574 291 26 677 289 370 684 678 697 617 628 248 508 526 864 458 438 183 173 362 569 476 860 906 121 190 124 321 784 610 412 263 220 1007 294 170 687 642 859 538 876 19 545 710 142 216 741 517 496 246 119 105 81 980 881 781 19 226 683 166 293 711 90 980 856 812 379 640 911 193 376 411 963 616 250 825 639 85 92 184 128 584 518 341 141 677 498]
[824 532 651 678 283 292 530 358 448 696 853 249 483 797 823 977 976 533 135 627 888 945 593 145 768 236 633 718 829 960 681 624 145 45 897 733 461 401 219 536 78 697 736 481 513 893 633 482 570 318 270 848 990 107 437 98 316 972 694 902 568 175 998 705 268 238 740 586 908 904 842 205 691 901 426 43 282 267 500 846 734 346 375 141 459 947 868 235 835 233 234 994 516 618 1016 753 808 802 313 77 410 956 30 399 973 690 160 649 630 48 210 117 629 289 874]
[290 652 261 284 947 240 190 484 681 940 485 835 78 784 837 711 512 33 569 392 211 380 451 379 274 56 60 714 9 138 379 423 853 68 746 179 49 179 739 0 723 766 894 311 345 409 969 208 311 869 493 231 621 104 551 209 725 117 197 728 892 764 629 603 908 862 638 234 766 186 297 464 1020 335 663 96 536 478 989 152 611 274 216 593 598 371 157 804 1014 704 931 687 461 387 402 224 524 775 813 158 962 543 911 817 833 693 699 676 551 977 54 279 34 104 184]
[317 1022 944 208 91 332 14 934 26 268 580 737 725 244 188 375 163 581 879 180 501 703 681 915 605 890 775 520 519 43 404 228 839 959 304 873 500 768 362 309 406 614 677 242 713 67 177 880 451 746 114 921 39 542 667 268 137 771 840 116 667 38 451 127 856 594 601 461 689 983 128 351 136 106 993 906 595 505 507 219 534 318 140 380 110 491 380 318 16 579 588 1006 991 487 316 341 998 787 484 205 862 1017 601 842 171 110 292 949 1 828 282 284 702 745 627]
[358 334 651 661 524 213 924 327 813 592 224 563 866 101 888 267 701 423 868 571 804 339 220 773 910 925 470 120 80 96 910 950 968 193 975 952 510 847 129 951 967 316 978 539 184 66 669 357 482 792 793 133 901 728 510 559 997 892 437 453 367 848 104 155 784 773 585 845 1008 504 516 448 237 555 240 521 447 349 442 999 405 768 511 604 852 725 993 622 510 172 734 970 633 306 172 284 902 682 418 740 820 498 1003 649 52 595 104 286 1017 813 831 929 222 957 482]
[933 206 551 3 117 461 468 267 429 905 165 563 663 518 994 355 839 295 661 776 224 792 325 196 269 38 990 284 358 614 790 1016 692 443 922 66 276 551 169 390 518 444 499 201 682 187 684 613 913 978 211 9 225 126 1000 89 969 10 716 305 541 328 557 384 561 666 98 233 652 613 830 647 16 683 295 875 1019 880 187 212 612 360 295 182 11 703 275 472 111 225 218 457 201 369 506 517 284 203 446 330 403 80 554 338 407 724 189 137 73 197 274 908 897 822 48]
[639 372 353 157 231 812 398 547 273 313 87 1021 182 927 134 267 238 91 807 197 712 979 534 336 327 914 824 604 776 193 614 698 762 128 245 987 89 949 3 642 116 695 482 241 22 114 468 793 480 105 714 393 380 373 771 153 866 926 670 994 717 330 137 471 767 827 968 911 120 759 359 393 997 849 549 484 587 725 421 77 862 155 958 792 931 20 180 521 625 170 54 500 124 588 659 973 608 166 108 60 586 534 575 934 70 453 872 476 682 466 345 543 928 645 832]
[993 387 975 795 831 688 342 999 615 629 323 488 353 797 1020 107 965 758 251 648 251 479 864 728 149 142 321 777 911 992 307 970 350 858 623 460 600 44 601 463 681 881 855 109 944 787 432 804 458 865 353 1010 306 423 437 903 601 479 355 361 446 842 47 23 206 934 793 611 774 617 872 987 769 927 360 73 487 145 185 749 204 808 725 84 207 635 25 539 916 773 908 107 892 26 757 850 33 307 77 817 248 225 204 963 480 483 946 717 646 65 528 990 218 359 333]
[467 160 850 343 351 677 293 50 697 860 311 991 166 927 446 696 5 471 578 936 573 691 109 484 705 873 369 767 277 164 529 991 1015 950 160 790 447 1015 222 894 978 97 185 1015 74 830 329 179 354 562 219 118 975 390 242 7 384 511 728 579 224 1020 311 532 612 159 921 958 79 627 496 93 343 140 900 35 669 702 999 391 168 406 577 30 982 841 125 853 528 635 577 721 184 45 449 900 890 931 893 930 303 576 593 16 45 561 1006 34 366 229 277 477 187 499 362]
[274 169 643 56 315 338 675 161 399 130 840 654 581 535 119 1019 555 579 632 77 581 786 933 206 249 548 893 306 419 483 982 916 68 478 759 940 116 449 874 125 866 431 847 86 487 532 693 54 196 310 24 793 305 419 835 263 704 839 961 973 701 893 944 28 826 256 25 922 384 973 303 53 351 476 420 504 569 693 813 208 930 580 793 482 277 494 733 401 64 484 155 488 783 308 247 423 773 21 598 337 179 97 345 1010 811 620 6 280 361 536 828 813 206 36 998]
[757 88 125 442 633 899 103 650 847 608 244 966 929 879 182 1016 323 181 231 405 409 790 185 698 24 954 19 562 501 454 541 440 386 533 602 964 459 172 595 434 691 132 191 748 160 605 239 92 608 4 284 123 484 929 617 308 770 330 749 462 412 858 325 244 37 407 782 8 848 412 728 309 268 422 570 398 979 658 83 142 275 338 801 639 156 759 183 29 1008 885 58 996 771 199 407 314 432 534 251 832 453 633 676 655 159 180 972 146 341 964 823 955 273 504 259]
[1008 657 592 319 80 656 172 899 920 405 247 976 807 555 187 274 781 334 276 255 518 449 87 543 174 59 966 559 659 824 652 214 796 406 369 860 648 646 474 433 909 337 248 498 609 615 716 905 924 954 135 997 309 475 878 709 470 314 575 722 41 492 254 376 676 1006 220 379 755 318 428 424 612 614 564 70 590 626 625 36 313 814 793 681 139 454 615 433 387 391 395 81 63 1018 602 535 965 355 95 731 520 370 767 969 606 992 487 117 454 267 201 624 279 927 990]
[403 379 969 424 146 1016 779 795 310 390 418 687 252 365 402 713 838 798 673 984 196 792 679 28 735 592 779 537 576 1000 931 621 572 399 737 783 981 616 405 401 307 81 416 431 341 45 663 1017 297 616 253 589 963 577 163 289 718 966 603 987 348 977 713 819 5 973 630 755 874 661 41 665 401 603 535 197 482 420 287 960 762 114 794 450 811 991 220 627 381 545 793 262 282 281 79 840 887 685 316 494 85 40 122 175 362 22 280 345 817 649 877 424 107 28 514]
[152 247 37 656 526 387 996 432 945 706 670 402 745 658 595 56 787 559 66 495 687 926 296 477 376 669 549 484 159 445 757 524 864 276 788 1008 368 238 926 45 191 181 171 660 366 852 42 669 447 760 457 889 187 262 919 554 558 575 460 916 706 145 588 103 934 500 739 405 487 233 784 391 955 279 679 379 485 479 135 414 839 923 277 950 732 91 864 101 279 887 952 866 986 622 397 10 341 221 1018 245 297 433 650 735 784 275 462 92 892 80 552 478 903 549 889]
[423 255 273 945 381 235 262 169 1015 884 344 806 497 725 759 777 205 996 602 509 991 971 198 448 946 842 730 896 71 192 149 985 14 717 927 673 292 821 907 702 281 650 191 765 477 39 860 721 173 519 103 1001 911 913 142 74 163 926 924 369 722 975 760 692 221 15 495 873 540 931 557 327 349 995 256 706 683 236 936 322 608 510 278 797 660 27 782 701 392 524 626 43 728 893 971 675 788 749 229 749 437 116 183 858 249 549 782 276 280 730 424 628 883 328 537]
[297 159 199 271 46 568 552 1008 789 559 967 633 12 852 279 238 462 81 808 195 1001 112 681 390 79 115 1017 829 307 392 95 106 730 365 945 524 78 520 64 350 457 1014 383 569 1021 28 321 142 548 434 135 980 509 476 991 626 697 198 665 794 144 815 740 422 94 810 809 733 12 640 680 402 218 415 106 220 258 989 509 239 642 676 624 891 241 966 726 990 634 583 718 829 362 245 538 445 281 497 534 777 418 59 489 505 962 688 900 554 407 710 654 521 305 948 167]
[533 843 23 484 360 643 972 741 335 131 606 380 698 820 709 18 1003 364 208 724 297 315 152 245 408 825 273 395 342 181 897 666 611 884 715 629 792 516 153 685 121 366 815 849 642 192 814 615 931 354 335 279 612 671 939 40 108 416 691 405 929 487 855 334 882 579 896 862 789 68 798 137 956 947 634 592 239 417 460 699 815 502 385 554 594 397 925 517 58 536 645 954 331 950 845 13 447 94 766 977 601 387 185 33 422 999 625 49 155 123 647 845 449 391 341]
[268 781 702 812 962 376 447 396 352 57 15 13 310 332 590 255 630 679 781 238 56 737 241 80 357 726 478 842 248 634 63 838 528 818 563 465 850 37 751 435 961 858 213 978 1000 580 18 646 354 554 911 907 554 514 876 387 646 239 148 68 830 323 256 393 970 490 64 186 224 661 265 262 931 756 964 610 980 414 325 118 93 945 261 451 215 437 258 884 298 552 705 834 586 740 520 803 55 215 715 862 455 529 1010 17 534 183 672 584 909 299 518 246 150 1017 403]
[172 418 725 769 616 990 596 347 958 557 750 736 659 784 777 530 52 712 320 981 290 297 248 483 907 755 317 620 596 201 994 998 360 20 935 781 345 299 497 322 385 972 359 935 558 168 606 551 442 488 599 436 145 276 697 211 809 199 259 758 679 876 259 1010 491 553 296 87 208 958 638 328 1004 295 327 914 442 10 75 366 889 456 900 758 25 928 457 965 257 985 603 418 687 992 927 281 120 179 886 597 304 251 433 25 23 642 254 500 358 276 910 342 105 992 37]
[799 180 96 654 961 993 525 390 123 682 90 85 253 303 162 479 300 309 736 707 206 305 220 350 981 165 460 944 782 380 266 987 681 4 646 54 662 831 1000 909 932 48 558 586 751 411 68 902 739 465 54 16 213 537 367 663 673 180 447 541 877 645 746 1019 691 170 440 591 206 502 38 177 522 237 437 231 197 253 527 849 170 413 202 545 240 40 322 532 715 648 843 270 1008 365 979 242 355 654 718 153 527 502 82 755 585 933 835 253 300 303 315 812 274 380 535]
[334 917 393 422 1012 392 993 485 443 404 640 698 94 1008 611 656 361 523 169 384 753 831 426 630 872 853 49 92 393 729 647 990 139 216 207 178 522 742 547 211 48 108 878 676 95 162 27 199 519 712 326 173 576 195 983 116 402 208 421 228 923 847 526 827 657 479 368 849 514 873 972 681 225 255 415 742 246 736 786 155 375 644 141 621 478 371 467 1015 381 120 779 970 808 376 118 977 274 579 464 300 845 878 238 566 357 217 7 76 761 149 1006 940 944 841 238]
[79 23 300 56 925 846 802 639 22 437 804 894 998 402 34 574 782 693 442 173 1003 67 905 948 334 968 975 149 276 796 446 40 465 933 1006 513 412 720 737 383 415 101 234 217 85 384 317 639 513 534 239 964 785 707 851 975 705 755 1015 611 904 122 717 172 940 384 919 430 854 201 728 307 245 384 922 983 487 805 517 43 935 471 626 993 817 539 813 821 293 473 805 542 147 691 482 18 367 621 344 356 207 385 958 310 43 760 852 266 777 265 969 1004 237 622 519]
[204 322 894 652 862 1018 765 741 177 242 191 343 698 48 526 273 506 424 711 322 370 378 314 695 913 734 619 626 133 544 396 131 3 989 612 769 967 336 87 558 534 100 351 298 434 398 319 765 792 398 206 731 611 944 421 238 978 365 965 67 253 993 753 654 481 793 147 409 310 166 335 993 234 519 168 870 553 446 59 570 375 922 1016 396 208 450 288 905 179 332 80 507 330 287 621 114 36 504 215 919 231 562 808 224 638 443 362 86 342 379 361 86 621 61 444]
[877 441 470 114 316 557 814 179 752 707 79 286 237 148 642 669 989 952 47 246 558 93 964 361 38 332 702 936 249 333 549 406 676 535 144 326 968 257 96 397 647 638 37 402 393 757 527 199 303 23 768 68 9 144 21 822 895 972 3 304 414 358 482 806 599 665 402 383 108 484 89 215 1000 777 693 863 537 402 349 240 63 681 783 491 369 488 413 471 170 96 121 664 138 464 211 477 102 1004 154 1005 894 176 721 640 837 291 795 257 416 944 950 462 935 1001 519]
[1013 145 812 311 329 131 926 92 359 799 3 557 798 593 513 693 588 430 35 433 377 459 640 936 637 379 385 590 844 474 164 266 22 548 218 788 469 97 761 267 799 281 945 997 89 928 640 451 88 978 491 401 330 722 220 1013 25 691 369 457 871 649 412 276 896 796 189 658 247 238 820 831 61 612 463 738 86 496 178 730 501 1 377 641 96 1018 533 143 357 281 676 978 677 411 149 817 613 254 105 865 943 185 127 726 638 68 496 703 402 162 368 302 886 442 363]
[904 387 3 38 137 375 721 680 581 714 957 75 151 703 319 759 601 796 900 453 957 423 264 405 927 423 324 707 358 343 623 495 30 694 887 900 353 647 795 231 54 981 869 515 406 58 672 153 1018 261 408 668 899 923 269 659 433 441 839 276 795 792 894 622 126 764 846 616 14 557 890 647 931 408 841 849 772 217 74 349 863 692 925 776 298 455 924 393 919 62 766 970 402 238 476 898 566 816 825 269 611 869 156 134 911 269 343 275 59 669 759 671 481 798 544]
[54 900 114 106 812 85 167 517 701 130 501 114 855 449 28 698 281 475 442 314 245 416 162 189 765 361 503 756 463 882 581 690 666 9 448 281 261 365 833 618 960 425 218 908 1014 539 805 314 177 673 719 232 77 601 610 1 548 221 942 1000 671 240 579 245 551 143 449 12 1 778 530 551 45 355 63 624 520 55 550 17 437 896 801 315 105 961 881 153 841 360 449 448 311 462 612 565 991 662 850 493 113 406 363 295 44 706 440 597 835 518 383 647 874 674 588]
[693 888 377 172 425 366 497 316 249 493 1008 864 738 159 353 695 728 108 711 374 15 848 641 517 727 970 29 244 838 898 25 190 168 881 313 822 104 118 414 925 420 648 176 510 59 217 223 655 1000 427 67 9 124 535 107 304 479 986 570 156 462 378 622 993 539 859 30 410 465 871 750 102 532 204 578 700 28 890 288 11 738 488 49 847 763 559 658 639 803 306 451 257 2 1006 227 371 11 324 497 425 94 477 625 571 1006 645 648 951 470 54 940 444 816 593 234]
[883 209 162 666 99 868 96 668 169 1001 884 760 35 240 445 541 948 366 1002 738 27 686 638 884 110 893 80 688 3 510 98 1014 802 629 777 487 473 175 696 917 196 502 404 297 562 489 108 244 830 520 929 125 83 824 878 902 937 286 388 657 300 543 130 559 12 638 353 1019 847 628 1006 235 969 323 960 946 407 308 812 266 770 121 487 77 1014 475 379 759 574 34 82 345 853 745 665 8 795 731 147 42 338 353 335 613 292 152 568 403 309 170 548 550 747 529 1018]
[38 436 375 179 975 310 24 217 142 515 30 750 296 341 74 366 811 361 425 303 676 737 284 149 72 814 199 878 621 33 417 356 1011 241 340 275 634 636 477 155 115 485 39 258 661 978 327 786 329 13 972 647 797 535 239 727 861 964 978 322 339 436 111 624 626 894 861 715 345 808 516 806 410 618 241 944 807 586 595 748 611 885 673 30 125 960 518 266 197 957 11 725 217 615 1018 720 367 498 204 819 621 182 294 10 516 677 420 290 4 735 132 908 558 521 646]
[949 355 127 547 262 380 134 389 175 735 467 711 544 49 607 166 865 549 589 384 315 520 703 646 654 728 979 811 1002 455 460 473 799 253 186 258 367 72 82 181 900 531 331 243 222 977 658 533 128 903 978 26 607 2 942 165 195 445 217 777 138 993 710 367 922 415 773 328 505 598 804 95 112 838 262 258 935 373 652 498 15 979 862 447 1019 459 529 289 76 339 123 32 277 406 160 236 25 654 506 542 271 144 298 819 286 434 248 262 335 204 935 214 953 29 340]
[200 193 392 649 198 645 829 376 717 513 350 894 944 956 212 182 13 725 857 471 453 598 468 225 525 940 608 320 791 699 68 929 534 313 364 816 1009 796 986 221 602 832 449 230 476 163 322 808 274 374 684 304 345 246 193 314 431 142 889 333 576 574 603 441 134 372 858 402 152 894 633 453 478 621 483 567 58 625 895 648 171 255 393 86 398 545 755 952 711 663 362 473 98 311 335 589 313 190 1019 663 383 294 1002 346 39 58 496 785 118 104 665 442 693 758 272]
[567 442 344 654 113 330 652 252 94 890 492 1011 483 657 830 165 197 570 54 44 1018 259 935 487 681 357 965 25 345 757 963 808 382 1015 358 6 591 157 323 297 760 994 271 449 756 795 505 429 19 627 64 261 389 871 424 672 806 926 909 0 13 100 199 1017 64 899 846 164 845 35 2 873 22 375 174 487 677 842 934 852 588 41 865 685 816 256 261 617 921 891 668 545 735 494 662 179 794 708 807 375 435 811 463 17 961 112 817 141 541 448 695 852 410 165 529]
[514 685 241 405 0 479 347 217 806 603 268 213 880 299 119 129 513 481 907 891 782 530 547 85 961 497 17 97 15 5 250 775 490 364 521 868 472 763 531 510 191 105 552 692 747 957 339 435 161 144 45 115 1016 915 801 859 122 223 439 906 416 178 436 595 102 653 815 819 37 793 258 792 874 796 388 994 585 896 898 869 451 1006 970 129 430 220 624 368 346 723 103 682 763 3 189 947 404 926 148 225 212 220 273 153 959 354 771 364 729 37 599 524 942 24 293]
[263 36 2 709 107 720 284 582 510 770 216 479 572 346 965 576 626 844 534 198 552 683 835 321 896 765 302 51 307 311 580 462 590 888 1000 547 880 264 771 283 967 574 912 206 533 376 572 578 608 77 983 190 508 907 656 907 627 263 586 520 739 585 925 23 368 544 798 388 288 978 81 596 742 107 102 237 605 473 601 877 353 459 919 886 478 712 178 385 456 447 490 287 302 235 732 549 339 52 548 776 606 907 704 417 387 644 944 327 976 553 599 909 784 126 522]
[815 295 825 276 544 874 466 1009 777 373 986 541 396 495 888 860 907 826 506 664 61 837 252 681 122 652 201 456 119 688 299 693 163 968 505 649 818 549 1 804 412 249 308 574 853 553 303 818 581 145 334 444 184 75 553 659 147 195 893 372 884 1023 541 18 441 761 484 665 69 655 291 77 941 746 621 638 982 667 213 18 780 399 512 107 446 972 487 481 989 135 185 881 136 427 431 198 274 225 371 66 692 225 759 228 125 28 1023 608 996 375 973 1013 124 699 181]
[957 691 983 930 737 946 136 158 144 456 857 14 20 902 296 294 32 714 766 272 210 763 135 269 150 773 133 292 805 683 230 192 541 451 742 330 854 958 758 191 526 910 202 87 908 951 205 218 738 319 57 721 878 172 364 961 943 958 215 126 143 574 935 24 883 833 702 750 372 639 403 97 364 234 884 318 259 264 633 517 847 24 91 559 398 378 556 376 411 669 345 821 305 727 415 960 451 798 114 325 932 567 214 35 679 950 563 848 755 832 794 584 361 508 186]
[109 659 613 949 818 972 38 164 203 488 312 436 330 156 741 55 409 902 917 542 795 353 417 986 507 924 426 106 649 492 438 859 458 14 112 408 673 560 105 144 961 846 218 777 869 588 875 557 29 675 533 232 869 198 940 542 530 911 807 677 242 802 749 611 67 707 778 280 41 221 982 259 20 931 856 72 579 33 106 836 1009 769 386 715 424 320 619 289 765 482 361 784 902 66 159 639 222 209 964 850 60 617 536 866 207 22 800 680 889 834 72 206 799 880 667]
[301 980 507 473 304 615 629 604 485 586 732 24 852 787 870 967 197 394 974 265 957 453 139 275 983 176 1022 822 1020 455 647 493 851 411 878 249 246 233 35 327 268 683 75 831 358 356 381 203 862 473 317 477 849 928 678 76 980 275 968 797 838 411 967 74 150 403 778 106 28 270 396 68 616 723 735 936 703 63 84 381 702 856 475 342 280 825 659 431 545 209 567 695 157 207 171 280 297 132 569 294 933 866 352 903 488 422 826 752 84 855 230 830 855 917 261]
[164 699 233 402 920 590 5 425 31 310 631 734 72 1011 135 472 712 28 787 566 499 349 415 231 481 630 114 536 1010 380 348 140 50 870 730 900 141 737 54 165 256 1006 433 669 378 575 960 1002 22 331 102 438 516 795 398 939 375 449 132 462 115 267 650 95 938 560 173 671 516 570 870 119 753 675 154 8 416 533 976 878 359 377 813 453 351 574 691 775 115 185 945 902 293 432 199 14 456 283 38 925 36 179 754 862 851 604 865 0 795 869 828 320 372 758 332]
[3 971 42 261 11 73 542 670 686 853 143 447 351 219 856 961 815 176 956 184 433 995 206 477 531 501 77 280 338 694 102 407 226 626 454 359 84 466 5 569 91 393 134 686 95 81 662 67 980 33 187 622 94 31 262 951 768 822 51 87 352 695 278 52 18 491 206 1018 899 767 982 824 595 301 397 637 156 968 609 275 1006 638 678 883 100 685 1021 188 112 530 1012 53 951 963 22 853 108 578 307 332 982 728 501 310 186 451 185 613 1000 887 296 407 87 458 360]
[348 962 245 18 1000 13 501 910 606 325 895 531 134 724 334 157 784 151 237 583 57 60 934 72 647 345 30 676 759 494 565 584 612 222 108 525 482 85 835 132 444 325 191 226 733 149 468 334 619 32 358 667 254 142 679 963 550 469 732 835 950 130 751 638 552 862 318 684 97 305 965 62 986 325 290 294 471 62 989 281 370 393 33 317 996 461 611 849 189 167 135 65 612 594 932 471 396 602 717 881 838 162 453 402 112 220 1010 229 523 194 19 575 227 357 672]
[190 642 264 19 835 749 430 527 446 927 405 430 859 841 882 697 321 920 448 972 12 929 845 499 440 893 430 91 896 135 513 642 672 754 413 140 45 361 97 229 297 677 558 385 813 568 861 373 761 246 758 75 411 772 726 844 511 801 617 379 828 972 349 593 932 196 320 821 575 18 287 512 631 591 187 168 207 920 962 39 140 987 872 904 980 877 75 995 555 191 111 676 886 663 854 940 951 268 139 673 871 180 502 735 100 185 789 463 205 927 706 464 940 6 370]
[430 971 704 610 536 338 266 952 474 532 900 474 590 717 86 507 663 154 322 397 40 300 778 492 279 93 315 430 825 801 872 656 414 554 778 209 864 227 68 849 950 965 257 428 21 546 35 621 299 159 695 392 497 968 331 984 1018 728 738 408 468 161 508 814 371 835 939 661 586 400 385 776 299 389 844 629 419 445 712 566 145 887 63 798 110 111 945 425 293 784 114 658 124 915 252 510 536 442 358 173 135 103 274 534 1014 341 664 873 1012 512 893 239 435 278 826]
[906 11 714 876 994 857 682 671 256 129 982 144 955 753 99 230 652 973 763 15 812 149 367 273 681 382 310 659 775 324 631 474 847 124 77 66 601 279 192 566 635 51 443 395 460 890 989 30 304 69 292 298 976 254 368 970 341 607 880 125 721 910 458 124 704 796 244 642 470 312 868 120 148 501 531 233 475 381 612 1016 392 563 873 973 847 988 260 432 362 648 531 777 662 327 798 989 485 973 425 792 884 335 122 381 69 703 203 326 618 111 369 852 369 750 728]
[366 942 512 306 198 88 650 4 635 927 30 471 306 310 19 1013 426 835 910 1004 1017 518 214 900 144 364 259 1010 1000 999 258 403 398 940 891 649 328 632 921 803 295 54 826 11 909 520 75 713 741 524 525 176 577 748 959 716 898 906 643 884 801 244 365 541 511 480 703 109 568 426 282 128 866 832 192 52 283 366 109 660 733 804 220 270 90 495 363 1016 700 192 257 360 365 585 292 977 976 730 325 941 7 198 526 880 937 417 10 714 933 142 101 1008 1018 697 799]
[683 401 931 1011 488 442 816 620 55 4 1 613 494 537 780 1016 790 566 608 231 344 907 487 578 970 608 77 377 32 761 728 953 384 440 853 735 243 179 765 153 74 140 218 614 443 421 735 669 651 651 491 369 364 309 862 82 442 166 275 309 601 418 87 838 106 522 1005 702 559 41 653 388 634 131 345 389 24 604 778 604 868 931 790 850 64 571 229 887 366 176 854 928 873 944 415 209 239 85 861 699 216 723 211 720 798 502 642 434 373 428 23 538 25 883 59]
[494 718 339 163 0 835 2 949 932 131 71 715 908 541 256 497 718 668 589 278 1004 8 394 506 700 377 1015 146 183 983 625 447 23 415 177 465 1013 329 812 718 323 859 300 662 105 930 68 504 36 868 611 577 729 123 1008 578 881 840 18 165 766 15 950 472 181 918 442 590 347 16 9 15 877 117 364 936 690 446 655 266 421 380 495 844 140 887 832 403 516 1014 358 800 909 503 908 859 216 359 520 655 67 708 193 12 1 160 643 427 348 6 631 673 447 775 370]
[326 222 854 457 683 958 525 974 854 19 82 56 823 741 763 631 571 598 358 873 942 896 762 129 836 666 381 800 433 952 925 190 947 142 887 448 781 419 373 260 854 245 527 158 467 983 790 985 483 836 20 44 830 739 123 899 474 608 875 997 516 421 496 878 402 832 776 611 1014 615 744 486 228 418 183 814 1022 737 652 579 977 297 935 10 835 138 930 239 424 809 695 177 409 107 238 127 800 531 415 671 192 686 954 386 217 957 640 581 803 637 1000 636 567 1021 270]
[264 943 148 320 54 856 679 533 553 74 410 792 369 580 228 416 225 726 307 163 152 988 341 346 537 14 616 185 52 894 976 747 918 477 195 236 376 316 262 5 728 497 46 432 98 791 440 972 188 670 98 762 851 710 535 713 191 703 964 117 357 468 814 26 44 102 105 248 655 602 826 435 116 876 992 73 227 626 130 35 746 474 321 847 809 700 475 904 18 595 432 679 399 321 548 704 140 51 237 745 837 278 39 723 628 117 90 88 77 411 222 726 840 612 450]
[56 189 1023 488 699 1010 247 331 462 610 192 895 952 134 809 248 747 362 471 336 731 860 760 825 620 5 900 185 418 726 17 893 198 151 157 234 71 850 14 716 885 1001 304 838 345 237 244 72 695 17 621 528 244 830 583 390 982 996 332 265 768 300 638 523 439 756 30 905 894 366 1011 810 327 149 351 692 539 643 143 597 510 1005 76 810 630 570 84 555 833 786 161 746 936 796 294 764 760 325 811 133 777 191 655 278 264 426 408 912 547 810 873 959 1007 1001 226]
[609 917 372 479 867 3 219 382 323 182 460 543 559 14 638 225 933 904 646 158 794 750 465 113 1013 921 69 945 511 600 501 205 792 29 693 206 673 126 221 649 878 444 36 519 126 624 672 531 843 326 753 686 686 201 412 530 213 613 484 992 877 710 64 463 246 920 741 1017 555 378 658 480 254 914 457 823 961 354 629 551 417 835 661 680 956 541 368 430 91 288 797 151 969 468 666 829 175 658 241 779 703 29 117 795 736 649 589 739 731 125 688 611 243 34 299]
[528 1013 536 30 931 204 542 388 1010 567 843 412 5 641 740 643 70 304 174 926 651 297 121 716 534 486 249 529 125 543 1011 141 976 966 901 819 726 692 400 971 836 1020 494 371 879 800 454 600 911 301 905 888 357 918 836 888 498 225 348 258 507 563 776 609 879 711 409 440 821 312 19 351 701 420 39 902 62 225 767 366 670 900 472 208 805 516 649 523 953 906 550 179 475 785 258 154 989 93 873 649 194 432 138 181 7 658 39 214 619 987 231 518 695 352 66]
[632 590 97 21 114 528 955 591 533 186 4 407 91 28 639 392 386 396 865 654 59 576 958 129 952 381 678 290 407 363 96 117 332 221 543 1018 73 863 395 278 894 942 253 271 607 889 406 464 260 695 847 1002 627 61 600 825 108 431 111 391 896 128 570 180 955 936 543 595 753 1004 830 799 845 435 448 416 68 708 938 840 651 1001 729 73 866 639 809 951 535 404 365 805 725 407 114 914 504 809 507 405 255 762 790 118 13 1021 897 63 907 751 545 102 207 24 514]
[499 946 757 89 219 577 971 693 693 127 734 737 909 951 265 173 525 719 909 664 610 901 64 609 223 942 735 348 349 679 984 257 255 24 262 548 427 401 134 949 897 814 677 614 432 996 321 115 701 971 929 129 754 581 29 135 475 311 122 636 735 478 315 269 63 32 247 529 663 328 703 630 443 746 524 990 346 630 514 208 301 922 130 55 720 1019 390 425 639 521 585 616 100 671 530 60 397 535 546 387 639 135 731 309 1015 593 353 304 196 611 899 983 236 108 278]
[711 34 776 705 1 4 269 276 199 364 163 750 647 665 879 898 719 97 178 218 450 249 566 428 279 963 330 503 982 968 449 120 839 346 936 43 186 633 646 700 994 1023 225 240 556 504 626 139 56 528 733 724 705 489 169 917 520 769 579 305 756 726 889 749 228 589 394 518 735 921 553 351 857 898 183 526 627 546 920 743 690 355 806 510 549 774 828 242 819 226 329 598 642 180 414 562 333 246 825 521 834 480 802 527 769 893 697 961 776 259 855 179 514 800 639]
[585 252 563 405 571 985 364 543 299 713 736 559 870 174 18 262 993 796 942 511 510 155 730 565 975 378 829 808 629 687 352 689 430 192 486 59 47 295 897 640 949 344 461 156 187 540 157 956 75 280 812 339 123 868 656 354 190 62 406 633 666 628 821 494 809 309 903 383 244 818 762 283 767 947 559 534 397 581 419 817 833 143 266 706 698 175 295 437 180 775 520 582 889 602 828 297 645 580 829 250 157 935 721 485 641 931 2 755 832 501 895 376 744 509 55]
[145 43 567 540 458 504 651 679 526 531 679 825 853 747 434 610 766 669 655 192 692 634 573 1012 131 713 238 400 512 823 50 906 68 336 387 307 48 684 663 768 490 186 366 385 424 372 469 755 9 930 513 444 472 635 23 602 855 726 725 151 496 395 843 923 822 21 307 165 318 19 68 599 634 685 923 373 355 355 637 610 231 859 60 18 408 346 119 22 304 656 399 387 229 753 879 468 818 348 81 573 254 650 0 613 755 550 102 730 7 177 57 67 885 76 819]
[283 420 76 55 462 281 871 269 938 351 795 359 279 640 348 298 17 498 1002 991 428 456 529 70 206 813 711 669 75 968 477 626 742 578 331 531 328 11 826 191 444 921 329 430 917 78 940 583 641 862 685 15 767 553 39 958 333 333 985 389 157 737 710 258 573 896 947 665 38 263 692 67 498 511 131 495 1021 186 230 753 614 370 817 695 378 469 249 866 552 332 945 850 98 669 524 754 98 990 921 592 59 615 689 512 471 939 210 338 1015 657 214 189 179 221 986]
[722 483 322 460 894 868 322 788 694 54 311 901 822 283 239 475 979 837 297 179 169 117 784 171 403 621 343 299 412 896 704 958 676 622 843 30 101 290 921 586 207 626 613 380 257 477 242 441 332 425 996 388 388 609 306 929 32 342 366 732 317 674 943 426 987 828 710 102 207 327 275 859 162 979 906 468 876 196 867 707 917 503 41 939 558 633 995 390 21 619 6 105 69 467 120 157 612 238 982 425 427 108 102 484 1011 798 324 370 985 850 923 429 594 873 816]
[542 291 735 932 246 517 678 856 612 19 541 36 627 445 502 719 831 74 345 454 358 670 274 685 217 341 326 591 590 686 434 591 938 483 57 705 539 763 538 850 674 850 163 82 9 453 197 968 64 30 342 340 76 602 724 1016 376 456 899 246 586 309 815 704 585 615 441 308 196 421 785 531 180 559 980 21 957 115 569 501 906 569 999 588 1021 851 581 774 574 59 956 877 711 1019 450 1013 243 866 834 407 960 69 596 272 791 514 659 624 97 377 357 756 128 504 676]
[226 990 184 750 220 813 571 411 255 498 391 931 466 52 859 1018 1016 412 461 557 610 336 180 395 981 834 377 477 444 647 927 699 1018 522 193 274 177 808 640 899 513 88 759 614 482 129 108 265 16 968 73 213 45 951 908 860 817 204 939 465 733 49 971 79 506 993 877 810 804 242 957 440 150 466 729 667 219 246 802 846 535 12 768 28 743 429 494 338 479 426 491 758 907 36 6 972 566 33 220 997 776 40 597 268 787 11 688 515 25 244 13 95 410 302 590]
[820 758 981 323 867 909 310 37 286 978 672 703 674 601 911 633 775 484 954 443 341 63 299 979 230 785 2 870 60 755 1011 720 746 708 10 734 806 824 771 938 365 147 198 392 171 919 417 175 543 975 69 916 765 181 690 984 406 488 233 100 767 282 277 368 1018 111 261 71 420 723 949 915 682 455 259 156 776 71 991 680 404 308 786 110 657 105 44 44 924 968 838 441 368 844 531 389 235 616 801 891 166 205 298 961 921 914 492 426 261 32 774 538 298 493 984]
[390 902 281 64 784 715 705 348 884 299 625 943 844 843 393 586 158 373 361 183 1015 629 638 653 23 649 168 232 807 217 846 41 682 610 142 886 617 277 301 132 151 963 262 249 415 831 91 645 358 619 515 767 711 549 789 1005 644 827 283 478 270 596 942 869 4 799 402 323 945 783 987 686 899 41 980 390 835 999 142 140 571 540 54 49 805 159 537 648 651 231 525 945 291 944 656 15 1013 1001 313 300 315 931 301 683 325 603 140 125 329 259 864 625 882 323 230]
[358 444 451 971 684 900 325 572 614 946 711 377 70 692 654 427 320 196 322 787 230 322 363 917 856 1008 33 825 957 550 122 575 767 115 733 896 612 336 918 49 463 903 744 923 657 164 1005 728 412 174 709 314 569 311 814 649 841 554 867 549 46 854 352 11 838 329 520 632 84 316 72 32 314 456 304 701 948 901 988 480 173 302 444 1001 17 161 238 396 150 319 842 110 561 827 596 568 226 18 744 340 486 682 480 655 716 28 365 659 652 786 139 350 808 65 60]
[214 842 628 407 247 530 519 194 52 430 193 146 318 983 636 471 1000 292 269 408 463 1021 227 207 508 355 685 764 458 767 89 527 676 698 502 226 940 885 593 211 48 917 200 723 286 502 890 220 649 886 928 688 814 790 111 435 376 679 666 39 582 510 498 503 410 30 846 189 532 837 88 596 555 620 739 560 304 380 208 867 255 30 567 603 357 939 216 616 520 371 351 419 319 806 185 421 224 17 632 928 533 422 145 145 290 345 412 420 768 518 9 743 288 78 331]
[552 648 712 1015 355 1006 58 433 204 316 490 95 956 551 331 337 317 260 326 209 52 156 264 339 856 188 735 306 995 1012 646 188 177 452 723 518 214 699 156 577 830 450 461 917 901 598 988 633 740 158 830 532 173 771 466 534 812 499 108 81 195 219 216 74 564 300 402 585 635 596 464 614 68 885 771 781 448 786 832 488 595 188 426 936 406 188 811 570 638 176 230 695 271 130 838 533 784 478 861 829 609 367 277 52 775 517 991 660 581 660 91 93 259 280 1016]
[195 689 240 548 1003 535 339 632 157 83 266 658 221 54 628 520 811 777 948 214 911 594 32 1021 622 248 1020 484 62 262 18 133 28 207 861 215 877 524 483 466 213 658 183 595 447 354 602 542 775 488 787 207 214 973 54 1003 239 916 846 166 976 705 278 24 811 805 558 576 473 481 669 109 5 914 936 300 316 998 169 102 47 674 407 829 997 422 650 690 108 576 403 334 810 638 769 360 512 899 165 641 633 958 42 818 424 476 863 491 862 619 687 850 379 729 375]
[918 734 541 284 709 764 768 624 29 764 771 896 638 268 1010 380 890 87 349 415 115 678 850 736 552 194 9 608 6 755 894 383 132 540 401 387 852 355 798 408 860 135 373 243 462 326 224 371 303 339 93 629 148 257 195 204 665 1019 992 619 98 345 915 666 303 118 497 76 92 548 69 977 92 143 416 695 180 616 107 945 920 188 1013 547 279 356 968 26 479 994 401 950 380 419 12 990 532 128 110 146 1020 265 511 358 957 118 14 693 414 960 126 111 745 965 698]
[623 89 401 625 491 85 500 410 104 113 185 392 171 263 928 716 894 998 260 136 880 917 795 408 651 395 590 720 207 576 915 685 46 269 775 279 979 965 550 231 638 124 820 1014 761 358 12 779 600 974 367 63 774 966 792 798 695 227 424 510 793 899 148 1021 483 548 548 623 81 161 134 539 256 840 114 986 571 842 823 142 945 838 669 925 394 982 23 659 671 215 350 219 561 446 15 75 101 650 447 484 239 953 776 390 271 485 119 25 282 286 63 324 9 997 269]
[11 925 634 711 529 190 237 842 840 485 964 949 840 154 895 282 600 208 616 21 628 746 53 228 471 596 299 469 834 233 627 941 708 135 1007 830 580 175 189 951 951 507 347 27 241 447 348 4 105 973 146 340 384 1006 154 476 270 589 849 832 645 448 161 516 297 30 695 803 423 260 238 437 541 556 712 529 837 67 679 351 239 378 829 329 898 855 692 411 639 74 861 61 345 750 225 23 760 796 997 677 551 28 627 346 784 25 956 533 109 120 322 431 433 970 6]
[836 230 98 759 503 998 636 573 629 566 982 90 447 340 110 760 496 310 608 761 100 583 160 961 456 895 533 220 795 464 883 664 342 1014 282 330 202 362 359 454 608 62 1006 592 595 1010 538 623 890 472 637 889 976 497 408 841 420 905 554 953 114 120 943 584 446 868 456 652 657 328 355 296 542 425 429 39 680 193 638 717 151 10 942 461 640 239 126 309 727 89 1011 610 242 734 106 977 162 160 866 121 234 104 620 504 65 9 940 546 82 498 350 720 828 731 842]
[765 633 342 867 978 35 158 607 22 297 205 186 748 520 52 836 301 741 295 829 745 980 26 611 611 594 852 707 743 913 504 820 586 970 865 54 571 625 487 768 35 769 48 841 531 872 440 46 879 452 838 871 697 284 510 467 616 720 1006 749 579 844 940 949 21 262 978 289 704 427 849 829 47 843 227 844 964 411 82 911 478 1015 465 29 689 532 964 943 511 898 681 99 467 649 96 942 973 3 76 888 236 253 431 403 219 134 1022 489 772 533 215 205 42 675 596]
[516 421 739 772 504 136 735 312 420 801 362 727 165 301 704 848 721 263 287 336 937 253 169 164 861 549 44 385 940 426 384 472 984 993 504 121 30 720 284 775 292 8 845 639 499 644 300 889 1013 994 449 147 260 578 151 772 565 703 161 651 402 705 571 641 692 684 457 89 407 276 540 245 268 418 324 570 14 204 862 400 537 981 559 269 1018 269 441 112 179 645 885 420 636 487 643 818 1000 869 666 87 170 589 202 263 422 605 464 687 252 282 135 636 712 658 880]
[1019 540 647 573 736 433 188 219 960 522 312 420 728 389 1019 709 419 711 869 194 856 740 610 186 88 593 410 372 150 637 183 465 156 71 698 534 953 0 864 894 719 666 177 610 866 643 33 903 641 825 299 562 339 952 682 5 399 860 452 786 215 345 515 39 616 557 924 565 392 964 706 171 117 200 599 547 36 107 14 575 913 789 174 798 932 725 599 814 221 273 65 280 374 623 568 729 159 117 492 427 939 582 11 837 120 221 11 398 997 546 197 834 821 449 487]
[34 328 286 60 678 643 266 203 701 552 562 530 1022 422 422 203 374 676 20 512 615 478 319 974 934 176 891 1001 436 6 33 343 860 278 855 775 531 537 901 800 159 4 556 236 796 937 682 385 113 92 435 948 955 587 266 965 576 105 218 787 700 638 944 703 749 61 513 301 775 505 13 71 777 628 1022 87 185 280 973 181 679 257 395 221 1010 514 91 410 640 659 425 926 313 764 608 1006 715 177 566 530 243 770 407 809 837 303 445 929 945 87 248 30 548 284 505]
[892 448 245 875 138 1 667 347 172 821 816 137 104 1019 682 831 575 268 499 736 674 319 115 287 185 433 1012 444 808 1012 62 918 397 170 311 248 577 731 913 376 832 192 330 989 247 4 961 544 912 782 632 467 292 886 744 401 2 564 489 174 215 56 642 176 532 832 941 869 751 827 971 585 557 1009 590 310 831 631 144 677 437 500 302 912 104 311 508 395 71 170 483 631 593 224 858 123 718 603 627 231 144 552 926 119 893 415 577 539 11 600 691 159 842 828 252]
[572 232 890 186 536 952 748 579 688 864 675 814 988 943 82 474 175 851 722 951 214 646 909 543 854 928 610 325 812 850 301 878 734 65 854 282 601 895 325 912 159 58 411 300 698 62 645 196 1004 1015 384 365 168 229 355 953 868 266 620 726 61 14 996 326 129 87 480 1013 649 506 183 861 6 546 591 99 928 990 492 82 138 210 357 765 766 956 370 537 990 385 454 825 380 687 296 811 963 601 344 321 372 418 403 595 404 38 507 714 494 275 165 263 62 43 432]
[2 1003 119 1004 203 146 821 182 805 436 968 181 929 904 68 80 613 724 300 388 1013 260 1013 452 388 953 416 650 602 770 291 644 887 99 1021 791 110 348 516 312 821 977 257 715 155 810 529 936 736 982 238 28 522 186 590 813 142 1017 446 303 577 542 874 782 12 315 1023 422 383 219 257 356 225 749 997 625 40 129 769 406 275 792 431 491 200 103 625 783 857 414 825 509 856 743 1004 736 854 283 343 872 213 609 702 331 1021 969 100 148 670 891 872 173 221 446 514]
[997 487 603 3 284 431 612 507 341 278 882 308 495 658 375 199 862 369 962 192 154 943 982 544 620 844 380 871 242 923 87 786 892 491 108 184 727 498 794 809 608 312 706 41 691 593 920 250 660 165 56 7 18 317 360 1015 921 218 920 411 341 394 900 644 785 241 621 364 162 838 602 708 1007 781 224 111 296 461 265 915 393 555 338 431 985 31 108 103 317 220 508 783 713 387 674 695 495 486 1020 329 338 544 632 439 815 510 196 214 62 1017 124 684 645 188 491]
[864 442 953 755 886 827 335 481 19 82 480 845 577 949 580 812 519 744 583 902 379 158 979 821 961 548 578 961 825 747 163 303 652 455 850 646 217 176 429 695 721 365 896 215 309 914 895 81 934 839 795 602 801 270 465 689 404 185 220 80 688 49 970 592 55 409 184 1001 329 495 165 657 658 7 546 63 260 1013 146 566 611 464 784 243 369 142 112 15 785 532 259 717 246 962 288 924 733 366 634 738 515 9 992 336 937 674 220 600 292 140 508 751 414 449 682]
[882 488 939 606 831 191 778 449 935 970 456 479 978 721 595 694 432 294 71 252 21 157 807 1013 524 771 840 280 796 991 839 817 176 159 677 64 814 30 67 218 205 197 263 223 774 99 686 113 242 745 45 922 394 655 481 813 99 763 350 147 110 755 959 579 914 303 272 775 381 318 472 68 130 598 967 140 206 644 968 565 448 911 824 946 131 647 955 627 115 71 718 530 151 596 169 225 411 363 168 794 703 510 943 4 337 272 842 126 424 225 272 611 362 878 747]
[705 874 884 778 6 723 670 85 825 699 1006 159 904 555 12 69 357 568 322 902 432 414 314 219 500 46 884 354 383 30 398 283 981 53 514 395 538 327 766 601 227 227 261 969 605 99 275 498 334 945 54 802 305 543 957 297 993 732 133 396 82 447 236 13 293 976 187 510 627 321 660 396 504 376 431 731 583 139 120 958 14 242 686 320 378 76 825 556 585 170 377 175 916 817 935 189 665 705 561 772 687 211 812 760 317 923 277 999 824 756 867 372 277 445 445]
[460 786 583 1021 143 451 842 590 84 1016 937 305 82 659 586 644 294 423 332 992 853 721 749 766 428 114 900 909 769 887 1020 45 220 1019 845 879 807 108 231 619 2 533 432 861 332 1010 103 470 929 493 307 610 839 369 325 646 1005 314 228 603 764 215 633 472 886 429 968 11 452 342 816 335 446 734 1011 97 484 660 771 1011 393 574 931 186 232 846 116 416 478 51 149 936 761 69 922 791 183 686 1007 814 444 412 704 325 211 685 993 930 934 246 626 117 703 846 644]
[16 349 650 572 633 759 537 150 846 40 1020 884 286 188 155 106 448 463 212 877 219 835 175 874 742 311 103 653 954 792 883 111 388 786 97 96 20 932 1001 939 524 984 875 678 182 425 96 110 328 183 579 209 947 520 990 935 481 426 786 395 165 506 857 467 37 869 188 796 148 741 617 921 95 757 957 362 689 377 165 752 536 212 908 485 82 376 811 751 907 23 502 849 833 530 415 144 300 837 257 186 989 759 440 986 476 699 485 770 509 915 640 621 565 339 725]
[785 768 750 4 680 910 779 786 88 756 730 1002 36 733 577 257 16 156 47 872 440 825 700 522 306 560 497 812 184 78 945 420 719 972 798 371 1011 32 968 85 378 857 941 805 998 833 111 247 939 545 673 97 716 485 995 704 722 426 614 490 892 377 125 707 813 624 545 543 137 105 1012 318 725 319 391 93 41 744 191 72 660 87 177 878 357 464 526 42 191 869 56 42 812 321 43 633 155 272 384 779 75 400 334 397 649 272 79 927 176 698 212 212 910 120 733]
[705 613 315 918 219 562 70 964 72 805 674 527 968 782 421 774 666 792 416 610 103 69 437 983 182 865 945 393 75 828 876 301 575 201 531 717 345 796 18 509 537 45 1012 1017 278 582 165 458 406 973 340 500 773 833 969 588 959 308 468 355 527 827 11 234 766 207 546 539 687 939 97 773 237 864 97 118 859 968 744 834 612 513 859 748 70 275 31 211 742 252 933 309 679 842 978 562 6 554 365 198 866 209 868 570 941 196 585 491 476 646 423 184 515 327 716]
[371 948 509 170 127 197 37 626 538 165 64 743 274 551 815 898 261 7 37 950 699 171 875 242 639 130 200 798 691 568 848 334 361 30 951 28 748 843 122 904 162 618 250 30 814 693 861 484 786 289 618 839 939 493 573 217 415 919 799 79 682 714 758 320 601 943 96 33 560 598 735 224 741 637 175 583 968 985 259 245 159 814 561 608 355 236 975 719 578 80 489 990 814 889 286 142 459 403 470 547 375 915 720 219 719 59 794 865 366 552 539 829 78 181 187]
[815 666 648 423 5 771 416 694 851 690 236 452 408 322 77 944 173 79 783 697 884 468 768 556 74 256 321 924 324 879 855 131 910 497 365 803 839 541 315 1008 495 259 948 498 512 961 805 331 287 90 38 1 770 514 9 139 311 229 379 60 346 975 432 1016 375 109 643 642 801 865 466 674 460 647 801 513 515 667 76 534 546 765 554 475 944 890 852 721 943 674 634 659 21 548 414 991 374 202 640 494 159 50 241 106 150 459 684 229 645 707 929 415 805 465 848]
[870 986 235 309 291 213 686 226 174 682 948 916 599 263 254 275 892 351 43 623 831 697 627 940 919 892 193 803 974 165 174 969 965 387 512 63 430 250 350 553 357 551 658 246 386 586 611 951 480 141 63 179 241 545 494 871 530 759 988 276 512 75 848 908 962 386 172 594 447 149 803 618 66 485 1018 949 820 731 264 798 643 26 587 217 85 844 944 473 443 139 387 315 846 799 220 512 126 159 743 983 505 333 729 750 131 117 972 149 51 657 958 908 66 167 732]
[88 877 379 721 50 288 790 922 934 975 780 71 671 29 99 628 178 1003 76 212 631 853 126 794 825 182 973 728 902 478 104 1000 413 82 711 557 203 694 242 436 423 871 512 1001 839 826 17 278 182 602 352 453 779 720 765 835 57 415 808 844 852 317 43 770 710 793 655 67 405 151 798 134 608 479 767 140 53 376 793 459 508 471 14 506 658 438 36 68 756 204 544 15 760 549 919 83 839 15 546 859 466 56 315 187 213 936 335 237 682 925 833 360 326 825 239]
[162 763 831 759 445 248 707 366 611 587 906 701 54 244 722 327 468 858 243 811 143 258 419 611 529 31 505 825 488 768 586 236 584 948 947 628 778 745 542 446 343 97 1004 42 497 425 204 158 980 282 794 731 268 964 450 71 229 533 740 328 86 750 273 398 1020 51 773 984 517 654 181 221 170 519 515 245 1017 279 535 838 33 20 461 290 127 685 258 214 116 134 202 653 53 412 645 261 327 956 415 298 459 43 16 591 866 916 639 748 354 959 0 647 673 817 649]
[842 111 694 474 679 669 31 954 1017 918 600 684 993 61 758 653 340 513 761 245 762 512 566 917 181 392 575 875 473 930 534 768 937 818 623 829 596 1011 729 385 113 55 150 154 29 603 595 910 958 700 282 804 401 435 781 163 951 855 398 874 201 235 446 247 55 193 825 868 866 519 358 609 147 350 234 567 391 465 199 409 151 701 40 722 43 508 549 587 713 35 659 74 761 463 701 482 140 399 789 634 548 407 683 843 566 880 186 580 845 758 657 662 62 61 955]]
