[[116 331 303 963 456 225 827 381 99 649 395 975 566 213 694 254 629 303 597 980 462 533 231 443 912 451 926 105 162 742 611 734 668 308 101 863 279 976 127 549 438 456 887 466 634 748 307 1002 621 215 6 340 142 411 250 873 371 554 434 638 939 554 840 633 48 579 291 878 1004 659 439 63 64 579 374]
[621 395 563 31 844 124 640 944 427 541 255 712 647 33 20 713 407 504 197 234 520 92 18 595 370 529 659 757 755 984 80 664 639 999 623 816 67 851 63 303 208 694 853 441 320 351 920 714 66 902 947 306 40 908 842 628 787 357 748 858 88 807 386 630 276 632 534 721 386 188 620 31 696 660 726]
[513 608 608 712 206 230 691 127 247 905 331 424 259 264 102 734 133 268 184 522 560 537 611 931 422 410 635 805 630 643 246 1011 540 343 436 157 498 185 817 559 878 563 160 116 69 336 652 584 671 579 444 348 200 920 456 935 379 636 290 751 482 241 718 976 357 557 114 450 498 868 970 190 628 211 235]
[883 307 822 944 476 337 923 367 558 519 25 858 608 690 280 910 1017 803 506 177 996 824 109 777 484 324 280 343 299 778 679 664 506 604 371 4 465 875 236 130 477 1002 429 558 1009 360 959 644 448 680 290 444 979 538 750 171 408 16 0 479 75 939 385 872 354 362 455 257 286 317 808 905 183 974 279]
[821 862 792 731 411 864 414 387 637 261 829 716 849 755 735 97 106 859 623 8 244 381 418 807 983 797 614 413 793 31 804 75 235 914 760 132 797 619 191 669 766 804 294 749 270 886 151 688 129 123 841 330 132 124 879 443 802 657 345 728 665 676 345 174 480 110 776 224 116 931 160 708 644 930 83]
[983 697 865 383 625 181 729 469 656 674 126 732 657 309 387 108 264 491 562 453 694 100 779 291 611 230 236 827 23 789 352 447 186 868 821 866 805 927 906 480 530 260 75 327 283 495 190 793 626 797 581 574 76 299 965 619 551 358 387 579 370 915 726 534 671 209 915 1018 32 796 587 422 198 311 43]
[254 242 40 438 875 566 235 465 195 75 513 319 576 943 752 455 437 3 638 961 455 1015 63 152 364 956 823 303 817 899 825 51 559 1000 908 344 378 696 57 926 805 805 596 690 923 514 308 495 381 594 147 400 11 205 67 409 218 810 341 3 441 611 634 557 147 50 575 1004 1009 696 170 793 432 596 691]
[280 834 6 992 124 96 304 178 519 540 910 303 65 855 912 458 0 334 1019 864 773 265 514 616 818 401 939 456 511 998 766 937 639 707 563 321 682 679 111 491 332 494 385 710 298 842 675 355 682 667 885 11 416 320 546 52 696 671 436 194 850 587 977 307 726 203 612 446 728 791 875 508 311 1019 362]
[599 821 2 943 931 385 244 173 90 479 428 264 1005 783 825 158 987 915 571 364 138 278 67 367 31 384 957 152 650 776 352 543 147 282 693 452 958 103 998 266 614 723 39 377 462 50 467 102 935 935 589 300 220 497 230 240 482 338 396 196 305 882 78 792 506 187 171 766 194 674 914 298 853 809 411]
[280 13 1016 119 111 997 298 1023 515 275 224 159 739 816 711 58 229 483 891 842 933 562 358 290 383 190 881 376 540 184 462 962 749 763 987 678 335 13 804 726 622 710 295 484 971 1009 101 536 965 960 406 1014 202 890 623 403 979 441 414 395 678 762 533 278 78 203 877 867 1020 512 184 52 892 807 684]
[227 909 297 787 678 784 761 687 896 199 312 335 312 539 760 28 480 202 281 105 896 986 662 307 637 326 939 519 411 1005 641 650 3 194 796 152 563 597 169 803 966 933 111 430 116 461 147 76 976 259 442 224 662 580 341 290 884 881 375 581 587 950 991 834 120 135 564 381 360 20 389 272 720 690 414]
[531 462 770 933 978 595 992 938 34 784 251 81 877 198 494 704 22 94 968 938 873 610 663 993 75 905 476 810 954 31 669 782 451 546 654 464 301 555 436 453 853 427 350 207 961 191 567 691 685 865 215 606 653 610 597 240 42 858 1001 734 236 630 284 443 69 261 308 780 100 328 521 427 206 213 192]
[193 964 565 370 239 358 293 810 491 900 983 76 97 771 410 804 193 242 905 43 239 629 731 195 292 146 186 989 597 381 90 463 600 175 675 20 452 667 834 162 28 791 731 60 653 50 405 9 78 620 905 219 323 775 252 668 998 113 998 3 524 624 590 341 605 619 410 225 923 675 361 973 923 601 320]
[618 522 210 815 25 225 796 615 418 409 344 356 424 545 807 711 510 191 211 938 732 706 271 49 201 397 238 710 174 771 812 809 163 119 234 691 674 754 222 86 98 698 19 367 821 130 566 754 871 496 851 96 937 960 38 409 616 802 912 393 543 444 461 556 193 369 659 106 260 870 967 417 742 51 698]
[120 350 936 561 371 609 985 229 773 432 425 42 100 198 702 729 348 836 314 286 218 78 42 622 100 433 611 934 609 879 725 410 633 221 532 886 265 192 399 767 927 483 791 755 67 192 641 308 96 488 83 388 408 306 882 59 38 523 322 275 402 492 71 187 46 3 263 511 1016 910 610 856 582 627 542]
[51 177 783 937 417 789 844 747 69 729 123 353 797 852 583 214 501 800 71 841 570 287 696 720 332 319 589 342 137 381 544 796 1003 115 299 295 331 567 1002 914 887 790 824 305 33 372 21 40 905 42 252 953 321 498 619 455 998 350 1013 31 370 832 538 586 150 953 235 386 607 589 622 108 965 365 578]
[538 60 470 58 284 27 689 745 673 266 512 303 242 75 734 270 613 849 439 6 416 288 478 651 263 376 455 414 857 174 100 670 304 1019 350 6 137 866 609 559 291 991 195 907 365 943 194 311 559 906 420 15 746 224 78 110 504 277 38 766 611 984 187 465 967 956 522 819 642 711 690 865 22 848 787]
[822 56 251 142 903 411 555 729 514 52 987 962 114 1008 807 354 140 80 716 790 570 259 34 91 233 600 825 673 316 14 207 11 565 530 242 491 1009 670 270 654 208 626 1000 438 511 428 442 714 577 837 565 34 763 264 510 995 510 528 829 353 165 138 152 969 987 240 667 266 25 717 523 43 771 982 269]
[995 995 128 998 47 174 447 197 452 467 107 508 284 214 725 220 50 892 563 425 76 153 38 770 533 421 315 753 371 570 28 661 384 239 18 20 963 498 965 175 929 680 88 811 940 125 180 814 133 904 498 339 129 443 744 673 328 345 251 477 787 224 426 320 988 280 20 729 120 665 326 38 725 602 409]
[648 180 406 528 105 5 494 929 105 77 835 264 210 328 368 789 744 402 931 375 806 414 644 333 648 410 54 584 78 153 761 434 787 288 267 464 80 580 1020 947 858 665 419 222 544 304 45 898 844 332 147 171 740 924 107 105 276 646 520 531 801 97 592 802 609 469 900 447 829 971 886 400 258 142 165]
[61 380 883 914 324 837 32 486 48 568 248 884 576 1005 745 567 341 702 356 657 620 708 259 218 405 368 908 353 165 791 563 280 698 807 158 343 957 272 603 588 915 142 957 765 684 144 807 336 826 61 783 307 969 939 978 575 938 84 57 312 714 833 132 186 535 261 330 720 570 136 128 557 188 498 349]
[662 72 175 174 867 135 720 531 791 171 370 680 192 576 719 586 565 734 208 403 879 849 277 870 300 538 515 303 755 961 185 277 438 787 811 965 776 406 568 916 196 399 975 253 175 502 36 17 953 196 9 253 364 441 112 668 997 47 804 527 436 838 571 1000 534 452 818 648 323 479 89 667 745 686 786]
[993 55 897 580 443 317 928 631 740 41 0 666 789 88 254 300 20 284 126 613 977 118 304 783 452 295 763 543 541 508 190 345 800 156 162 856 756 45 919 354 910 138 767 649 748 409 19 685 145 884 770 637 144 822 570 132 520 739 91 465 943 398 762 757 834 577 946 578 642 310 478 712 824 170 1016]
[983 869 34 946 262 16 7 971 953 849 18 647 890 396 984 365 348 29 717 746 750 36 787 209 1005 306 516 59 206 163 834 202 986 449 788 8 810 421 900 10 890 964 555 202 692 1007 573 447 334 567 376 217 406 659 1016 295 117 219 99 531 183 573 270 955 635 409 1001 543 756 510 652 22 442 386 2]
[15 853 99 232 553 190 176 350 253 325 30 437 276 831 547 600 621 462 593 228 40 880 692 79 888 203 153 960 824 568 813 517 992 859 632 857 871 865 57 189 847 1007 401 826 433 67 256 606 22 327 690 406 115 21 922 879 303 410 85 588 831 864 469 473 502 201 429 298 134 116 698 970 420 204 810]
[358 330 187 558 63 717 82 343 734 349 543 125 313 980 872 350 369 410 323 344 569 621 998 527 682 770 678 264 918 669 198 911 574 558 930 435 187 102 358 203 503 704 935 167 905 867 268 519 900 172 48 220 887 1003 727 190 548 138 651 307 197 847 24 127 450 922 625 426 564 708 524 265 549 750 881]
[710 982 963 53 289 140 1014 123 959 737 463 635 50 91 802 953 444 1014 608 990 546 58 25 652 123 86 745 184 317 745 860 963 351 743 927 826 148 111 571 873 893 398 870 481 784 654 940 724 296 429 927 678 68 727 678 207 823 829 858 888 777 21 217 320 309 792 508 793 651 138 881 614 514 495 642]
[355 581 724 85 867 950 52 544 387 691 283 653 854 72 745 34 13 239 827 72 36 750 401 153 217 351 401 767 230 334 242 676 417 116 766 810 901 756 269 626 205 784 487 915 353 422 615 444 863 477 138 130 862 56 827 1012 271 642 312 408 891 233 142 553 63 485 473 155 799 206 948 858 978 137 687]
[120 447 47 166 198 573 361 626 86 86 609 778 415 270 356 803 204 538 288 603 259 237 574 667 902 398 208 550 229 656 713 625 303 150 121 549 781 516 426 60 1000 619 702 46 110 140 898 978 419 822 754 429 639 948 401 584 129 676 957 292 308 452 866 379 471 897 583 627 939 803 323 219 219 755 404]
[803 520 750 655 290 70 198 990 808 505 550 618 955 217 958 163 805 395 1019 237 119 619 109 107 632 360 561 447 138 480 466 33 583 679 3 214 647 909 889 525 466 596 180 981 40 525 124 489 248 788 493 188 401 709 709 867 468 43 791 522 867 237 805 979 885 586 1005 292 137 787 541 1012 449 794 33]
[1012 11 900 403 129 1014 446 453 316 993 567 634 717 453 40 702 430 890 870 486 876 477 428 962 769 390 866 923 776 537 951 882 409 16 519 371 956 224 861 200 425 143 337 645 16 25 372 175 225 157 628 628 894 487 256 737 656 1002 947 203 911 368 591 577 529 670 479 677 983 730 337 48 680 314 180]
[391 656 187 828 297 282 175 792 557 104 30 946 779 331 924 801 256 963 755 979 719 1 138 445 724 933 616 915 704 637 273 860 675 939 196 871 562 370 351 345 977 562 912 817 703 989 295 628 178 648 938 908 223 876 744 817 659 807 572 8 564 529 326 1015 896 754 12 379 148 952 183 640 581 652 655]
[634 98 426 535 395 96 29 844 258 844 23 576 462 639 934 580 289 678 703 276 801 889 543 541 360 867 661 219 861 1008 816 869 895 569 727 553 295 159 9 69 194 368 522 875 686 556 769 293 886 1001 486 436 204 143 400 946 9 989 493 340 427 999 243 154 165 813 172 735 543 887 114 288 633 728 775]
[961 322 714 555 628 533 202 231 814 561 571 579 388 516 918 502 630 406 30 961 271 976 708 698 759 315 108 1007 960 594 887 95 941 92 775 1017 770 35 602 715 251 965 905 217 288 177 862 45 43 562 656 0 516 787 39 353 70 1 986 615 913 116 889 215 396 677 750 606 508 579 389 577 63 797 679]
[217 482 564 418 672 680 989 415 574 291 26 677 289 370 684 678 697 617 628 248 508 526 864 458 438 183 173 362 569 476 860 906 121 190 124 321 784 610 412 263 220 1007 294 170 687 642 859 538 876 19 545 710 142 216 741 517 496 246 119 105 81 980 881 781 19 226 683 166 293 711 90 980 856 812 379]
[640 911 193 376 411 963 616 250 825 639 85 92 184 128 584 518 341 141 677 498 824 532 651 678 283 292 530 358 448 696 853 249 483 797 823 977 976 533 135 627 888 945 593 145 768 236 633 718 829 960 681 624 145 45 897 733 461 401 219 536 78 697 736 481 513 893 633 482 570 318 270 848 990 107 437]
[98 316 972 694 902 568 175 998 705 268 238 740 586 908 904 842 205 691 901 426 43 282 267 500 846 734 346 375 141 459 947 868 235 835 233 234 994 516 618 1016 753 808 802 313 77 410 956 30 399 973 690 160 649 630 48 210 117 629 289 874 290 652 261 284 947 240 190 484 681 940 485 835 78 784 837]
[711 512 33 569 392 211 380 451 379 274 56 60 714 9 138 379 423 853 68 746 179 49 179 739 0 723 766 894 311 345 409 969 208 311 869 493 231 621 104 551 209 725 117 197 728 892 764 629 603 908 862 638 234 766 186 297 464 1020 335 663 96 536 478 989 152 611 274 216 593 598 371 157 804 1014 704]
[931 687 461 387 402 224 524 775 813 158 962 543 911 817 833 693 699 676 551 977 54 279 34 104 184 317 1022 944 208 91 332 14 934 26 268 580 737 725 244 188 375 163 581 879 180 501 703 681 915 605 890 775 520 519 43 404 228 839 959 304 873 500 768 362 309 406 614 677 242 713 67 177 880 451 746]
[114 921 39 542 667 268 137 771 840 116 667 38 451 127 856 594 601 461 689 983 128 351 136 106 993 906 595 505 507 219 534 318 140 380 110 491 380 318 16 579 588 1006 991 487 316 341 998 787 484 205 862 1017 601 842 171 110 292 949 1 828 282 284 702 745 627 358 334 651 661 524 213 924 327 813 592]
[224 563 866 101 888 267 701 423 868 571 804 339 220 773 910 925 470 120 80 96 910 950 968 193 975 952 510 847 129 951 967 316 978 539 184 66 669 357 482 792 793 133 901 728 510 559 997 892 437 453 367 848 104 155 784 773 585 845 1008 504 516 448 237 555 240 521 447 349 442 999 405 768 511 604 852]
[725 993 622 510 172 734 970 633 306 172 284 902 682 418 740 820 498 1003 649 52 595 104 286 1017 813 831 929 222 957 482 933 206 551 3 117 461 468 267 429 905 165 563 663 518 994 355 839 295 661 776 224 792 325 196 269 38 990 284 358 614 790 1016 692 443 922 66 276 551 169 390 518 444 499 201 682]
[187 684 613 913 978 211 9 225 126 1000 89 969 10 716 305 541 328 557 384 561 666 98 233 652 613 830 647 16 683 295 875 1019 880 187 212 612 360 295 182 11 703 275 472 111 225 218 457 201 369 506 517 284 203 446 330 403 80 554 338 407 724 189 137 73 197 274 908 897 822 48 639 372 353 157 231]
[812 398 547 273 313 87 1021 182 927 134 267 238 91 807 197 712 979 534 336 327 914 824 604 776 193 614 698 762 128 245 987 89 949 3 642 116 695 482 241 22 114 468 793 480 105 714 393 380 373 771 153 866 926 670 994 717 330 137 471 767 827 968 911 120 759 359 393 997 849 549 484 587 725 421 77]
[862 155 958 792 931 20 180 521 625 170 54 500 124 588 659 973 608 166 108 60 586 534 575 934 70 453 872 476 682 466 345 543 928 645 832 993 387 975 795 831 688 342 999 615 629 323 488 353 797 1020 107 965 758 251 648 251 479 864 728 149 142 321 777 911 992 307 970 350 858 623 460 600 44 601 463]
[681 881 855 109 944 787 432 804 458 865 353 1010 306 423 437 903 601 479 355 361 446 842 47 23 206 934 793 611 774 617 872 987 769 927 360 73 487 145 185 749 204 808 725 84 207 635 25 539 916 773 908 107 892 26 757 850 33 307 77 817 248 225 204 963 480 483 946 717 646 65 528 990 218 359 333]
[467 160 850 343 351 677 293 50 697 860 311 991 166 927 446 696 5 471 578 936 573 691 109 484 705 873 369 767 277 164 529 991 1015 950 160 790 447 1015 222 894 978 97 185 1015 74 830 329 179 354 562 219 118 975 390 242 7 384 511 728 579 224 1020 311 532 612 159 921 958 79 627 496 93 343 140 900]
[35 669 702 999 391 168 406 577 30 982 841 125 853 528 635 577 721 184 45 449 900 890 931 893 930 303 576 593 16 45 561 1006 34 366 229 277 477 187 499 362 274 169 643 56 315 338 675 161 399 130 840 654 581 535 119 1019 555 579 632 77 581 786 933 206 249 548 893 306 419 483 982 916 68 478 759]
[940 116 449 874 125 866 431 847 86 487 532 693 54 196 310 24 793 305 419 835 263 704 839 961 973 701 893 944 28 826 256 25 922 384 973 303 53 351 476 420 504 569 693 813 208 930 580 793 482 277 494 733 401 64 484 155 488 783 308 247 423 773 21 598 337 179 97 345 1010 811 620 6 280 361 536]
[828 813 206 36 998 757 88 125 442 633 899 103 650 847 608 244 966 929 879 182 1016 323 181 231 405 409 790 185 698 24 954 19 562 501 454 541 440 386 533 602 964 459 172 595 434 691 132 191 748 160 605 239 92 608 4 284 123 484 929 617 308 770 330 749 462 412 858 325 244 37 407 782 8 848 412]
[728 309 268 422 570 398 979 658 83 142 275 338 801 639 156 759 183 29 1008 885 58 996 771 199 407 314 432 534 251 832 453 633 676 655 159 180 972 146 341 964 823 955 273 504 259 1008 657 592 319 80 656 172 899 920 405 247 976 807 555 187 274 781 334 276 255 518 449 87 543 174 59 966 559 659 824]
[652 214 796 406 369 860 648 646 474 433 909 337 248 498 609 615 716 905 924 954 135 997 309 475 878 709 470 314 575 722 41 492 254 376 676 1006 220 379 755 318 428 424 612 614 564 70 590 626 625 36 313 814 793 681 139 454 615 433 387 391 395 81 63 1018 602 535 965 355 95 731 520 370 767 969 606]
[992 487 117 454 267 201 624 279 927 990 403 379 969 424 146 1016 779 795 310 390 418 687 252 365 402 713 838 798 673 984 196 792 679 28 735 592 779 537 576 1000 931 621 572 399 737 783 981 616 405 401 307 81 416 431 341 45 663 1017 297 616 253 589 963 577 163 289 718 966 603 987 348 977 713 819 5]
[973 630 755 874 661 41 665 401 603 535 197 482 420 287 960 762 114 794 450 811 991 220 627 381 545 793 262 282 281 79 840 887 685 316 494 85 40 122 175 362 22 280 345 817 649 877 424 107 28 514 152 247 37 656 526 387 996 432 945 706 670 402 745 658 595 56 787 559 66 495 687 926 296 477 376]
[669 549 484 159 445 757 524 864 276 788 1008 368 238 926 45 191 181 171 660 366 852 42 669 447 760 457 889 187 262 919 554 558 575 460 916 706 145 588 103 934 500 739 405 487 233 784 391 955 279 679 379 485 479 135 414 839 923 277 950 732 91 864 101 279 887 952 866 986 622 397 10 341 221 1018 245]
[297 433 650 735 784 275 462 92 892 80 552 478 903 549 889 423 255 273 945 381 235 262 169 1015 884 344 806 497 725 759 777 205 996 602 509 991 971 198 448 946 842 730 896 71 192 149 985 14 717 927 673 292 821 907 702 281 650 191 765 477 39 860 721 173 519 103 1001 911 913 142 74 163 926 924 369]
[722 975 760 692 221 15 495 873 540 931 557 327 349 995 256 706 683 236 936 322 608 510 278 797 660 27 782 701 392 524 626 43 728 893 971 675 788 749 229 749 437 116 183 858 249 549 782 276 280 730 424 628 883 328 537 297 159 199 271 46 568 552 1008 789 559 967 633 12 852 279 238 462 81 808 195]
[1001 112 681 390 79 115 1017 829 307 392 95 106 730 365 945 524 78 520 64 350 457 1014 383 569 1021 28 321 142 548 434 135 980 509 476 991 626 697 198 665 794 144 815 740 422 94 810 809 733 12 640 680 402 218 415 106 220 258 989 509 239 642 676 624 891 241 966 726 990 634 583 718 829 362 245 538]
[445 281 497 534 777 418 59 489 505 962 688 900 554 407 710 654 521 305 948 167 533 843 23 484 360 643 972 741 335 131 606 380 698 820 709 18 1003 364 208 724 297 315 152 245 408 825 273 395 342 181 897 666 611 884 715 629 792 516 153 685 121 366 815 849 642 192 814 615 931 354 335 279 612 671 939]
[40 108 416 691 405 929 487 855 334 882 579 896 862 789 68 798 137 956 947 634 592 239 417 460 699 815 502 385 554 594 397 925 517 58 536 645 954 331 950 845 13 447 94 766 977 601 387 185 33 422 999 625 49 155 123 647 845 449 391 341 268 781 702 812 962 376 447 396 352 57 15 13 310 332 590]
[255 630 679 781 238 56 737 241 80 357 726 478 842 248 634 63 838 528 818 563 465 850 37 751 435 961 858 213 978 1000 580 18 646 354 554 911 907 554 514 876 387 646 239 148 68 830 323 256 393 970 490 64 186 224 661 265 262 931 756 964 610 980 414 325 118 93 945 261 451 215 437 258 884 298 552]
[705 834 586 740 520 803 55 215 715 862 455 529 1010 17 534 183 672 584 909 299 518 246 150 1017 403 172 418 725 769 616 990 596 347 958 557 750 736 659 784 777 530 52 712 320 981 290 297 248 483 907 755 317 620 596 201 994 998 360 20 935 781 345 299 497 322 385 972 359 935 558 168 606 551 442 488]
[599 436 145 276 697 211 809 199 259 758 679 876 259 1010 491 553 296 87 208 958 638 328 1004 295 327 914 442 10 75 366 889 456 900 758 25 928 457 965 257 985 603 418 687 992 927 281 120 179 886 597 304 251 433 25 23 642 254 500 358 276 910 342 105 992 37 799 180 96 654 961 993 525 390 123 682]
[90 85 253 303 162 479 300 309 736 707 206 305 220 350 981 165 460 944 782 380 266 987 681 4 646 54 662 831 1000 909 932 48 558 586 751 411 68 902 739 465 54 16 213 537 367 663 673 180 447 541 877 645 746 1019 691 170 440 591 206 502 38 177 522 237 437 231 197 253 527 849 170 413 202 545 240]
[40 322 532 715 648 843 270 1008 365 979 242 355 654 718 153 527 502 82 755 585 933 835 253 300 303 315 812 274 380 535 334 917 393 422 1012 392 993 485 443 404 640 698 94 1008 611 656 361 523 169 384 753 831 426 630 872 853 49 92 393 729 647 990 139 216 207 178 522 742 547 211 48 108 878 676 95]
[162 27 199 519 712 326 173 576 195 983 116 402 208 421 228 923 847 526 827 657 479 368 849 514 873 972 681 225 255 415 742 246 736 786 155 375 644 141 621 478 371 467 1015 381 120 779 970 808 376 118 977 274 579 464 300 845 878 238 566 357 217 7 76 761 149 1006 940 944 841 238 79 23 300 56 925]
[846 802 639 22 437 804 894 998 402 34 574 782 693 442 173 1003 67 905 948 334 968 975 149 276 796 446 40 465 933 1006 513 412 720 737 383 415 101 234 217 85 384 317 639 513 534 239 964 785 707 851 975 705 755 1015 611 904 122 717 172 940 384 919 430 854 201 728 307 245 384 922 983 487 805 517 43]
[935 471 626 993 817 539 813 821 293 473 805 542 147 691 482 18 367 621 344 356 207 385 958 310 43 760 852 266 777 265 969 1004 237 622 519 204 322 894 652 862 1018 765 741 177 242 191 343 698 48 526 273 506 424 711 322 370 378 314 695 913 734 619 626 133 544 396 131 3 989 612 769 967 336 87 558]
[534 100 351 298 434 398 319 765 792 398 206 731 611 944 421 238 978 365 965 67 253 993 753 654 481 793 147 409 310 166 335 993 234 519 168 870 553 446 59 570 375 922 1016 396 208 450 288 905 179 332 80 507 330 287 621 114 36 504 215 919 231 562 808 224 638 443 362 86 342 379 361 86 621 61 444]
[877 441 470 114 316 557 814 179 752 707 79 286 237 148 642 669 989 952 47 246 558 93 964 361 38 332 702 936 249 333 549 406 676 535 144 326 968 257 96 397 647 638 37 402 393 757 527 199 303 23 768 68 9 144 21 822 895 972 3 304 414 358 482 806 599 665 402 383 108 484 89 215 1000 777 693]
[863 537 402 349 240 63 681 783 491 369 488 413 471 170 96 121 664 138 464 211 477 102 1004 154 1005 894 176 721 640 837 291 795 257 416 944 950 462 935 1001 519 1013 145 812 311 329 131 926 92 359 799 3 557 798 593 513 693 588 430 35 433 377 459 640 936 637 379 385 590 844 474 164 266 22 548 218]
[788 469 97 761 267 799 281 945 997 89 928 640 451 88 978 491 401 330 722 220 1013 25 691 369 457 871 649 412 276 896 796 189 658 247 238 820 831 61 612 463 738 86 496 178 730 501 1 377 641 96 1018 533 143 357 281 676 978 677 411 149 817 613 254 105 865 943 185 127 726 638 68 496 703 402 162]
[368 302 886 442 363 904 387 3 38 137 375 721 680 581 714 957 75 151 703 319 759 601 796 900 453 957 423 264 405 927 423 324 707 358 343 623 495 30 694 887 900 353 647 795 231 54 981 869 515 406 58 672 153 1018 261 408 668 899 923 269 659 433 441 839 276 795 792 894 622 126 764 846 616 14 557]
[890 647 931 408 841 849 772 217 74 349 863 692 925 776 298 455 924 393 919 62 766 970 402 238 476 898 566 816 825 269 611 869 156 134 911 269 343 275 59 669 759 671 481 798 544 54 900 114 106 812 85 167 517 701 130 501 114 855 449 28 698 281 475 442 314 245 416 162 189 765 361 503 756 463 882]
[581 690 666 9 448 281 261 365 833 618 960 425 218 908 1014 539 805 314 177 673 719 232 77 601 610 1 548 221 942 1000 671 240 579 245 551 143 449 12 1 778 530 551 45 355 63 624 520 55 550 17 437 896 801 315 105 961 881 153 841 360 449 448 311 462 612 565 991 662 850 493 113 406 363 295 44]]
