How long does SVP take for different matrices sizes\n
We have 10 dimensions
[-212 241 -431 -29 39 15 33 26 286 57]

real	0m0.117s
user	0m0.104s
sys	0m0.000s
We have 15 dimensions
[-500 215 210 235 144 190 508 172 -31 209 43 177 61 44 -174]

real	0m0.148s
user	0m0.128s
sys	0m0.020s
We have 20 dimensions
[203 143 114 -269 -432 -341 -150 119 -46 189 -451 -26 -24 622 -18 120 418 -111 256 76]

real	0m0.140s
user	0m0.108s
sys	0m0.020s
We have 25 dimensions
[63 136 -84 -28 237 399 -8 -112 177 91 -229 141 195 -215 438 -194 -123 82 736 -638 -171 -53 239 -81 -131]

real	0m0.147s
user	0m0.124s
sys	0m0.008s
We have 30 dimensions
[-37 -190 -459 393 67 192 -309 438 317 -147 -218 388 98 124 419 396 22 -87 173 -108 112 -233 -339 79 -305 -255 72 187 399 255]

real	0m0.161s
user	0m0.140s
sys	0m0.008s
We have 35 dimensions
[-189 170 -262 348 -337 85 270 419 -126 39 -336 -267 258 562 482 -181 16 -94 306 300 703 -236 150 -273 193 2 -94 -149 -131 59 -326 -85 101 -107 -142]

real	0m0.286s
user	0m0.216s
sys	0m0.016s
We have 40 dimensions
[-294 -388 237 -318 184 -267 37 -39 -55 146 505 -168 4 305 160 -88 -262 -135 -488 258 270 -606 178 208 388 237 218 -348 -246 158 -92 41 167 176 -359 -362 209 455 485 470]

real	0m0.147s
user	0m0.116s
sys	0m0.040s
We have 45 dimensions
[-362 -52 109 -48 -254 842 -602 -227 -8 281 -75 83 351 -35 -211 -396 -220 66 -52 -241 -23 -93 -232 49 54 372 -377 464 -106 -213 224 -258 247 -642 73 -195 -139 -262 254 -346 -64 121 -236 -162 290]

real	0m1.311s
user	0m1.268s
sys	0m0.012s
We have 50 dimensions
[-444 -92 578 50 -108 369 7 -494 -226 -494 26 -2 409 48 -394 -12 -78 -205 251 -110 -30 -142 110 -59 413 -132 -601 72 577 -587 228 -113 333 256 -281 417 -288 -196 247 -194 261 395 -385 -302 417 273 317 -37 -240 87]

real	0m2.091s
user	0m2.016s
sys	0m0.040s
We have 55 dimensions
[-33 132 14 122 -292 124 326 327 -541 404 -172 -83 -311 -282 -498 -280 112 143 -711 -737 -368 -198 -118 135 -271 -85 -741 -55 143 -165 23 -396 -144 -162 -58 -283 -416 405 184 -241 -20 164 -98 -69 -415 471 84 -220 -55 -453 107 -14 220 -524 -208]

real	0m39.803s
user	0m39.104s
sys	0m0.000s
We have 60 dimensions
[61 -100 160 130 406 661 209 -64 632 70 -401 -506 600 131 -147 -262 206 291 431 89 -106 192 -127 -141 249 -172 32 491 34 -168 581 318 51 64 58 -345 -97 -223 286 -524 192 -135 647 -101 164 495 -212 102 -7 47 -381 92 -68 -254 -19 -186 318 9 41 -814]

real	0m0.984s
user	0m0.948s
sys	0m0.020s
We have 65 dimensions
[-730 -288 -69 241 -609 108 50 -11 -613 -609 274 -28 -101 -164 -9 -216 -239 307 -471 -171 168 233 -137 -179 52 -114 544 250 -152 590 434 214 -378 152 -378 227 -126 394 -290 627 -217 -278 -315 308 13 157 -341 -217 206 207 -24 76 741 -4 102 396 -278 106 292 -329 -296 154 8 -156 -448]

real	0m52.592s
user	0m52.080s
sys	0m0.000s
We have 70 dimensions
[-112 -360 257 287 -626 429 -237 314 392 -125 64 -405 123 -296 16 349 -11 682 564 366 -154 543 49 542 -60 -563 -148 -383 203 -36 569 19 16 22 -28 134 -193 -492 -65 313 214 -12 -606 298 -50 397 380 -196 -141 -256 -354 131 224 -425 -394 264 78 102 -255 417 136 396 -222 347 -208 23 -257 556 -330 179]

real	0m17.488s
user	0m17.264s
sys	0m0.056s
We have 75 dimensions
[666 -175 258 526 -196 -343 -66 -48 -16 228 -1 181 319 320 -404 232 320 186 -122 -71 488 298 -755 319 46 141 107 -19 -270 302 -181 -242 385 414 247 -317 -319 265 -176 -133 257 -5 135 388 322 -282 100 106 -428 661 -255 -266 837 322 9 -346 -88 -230 -119 374 -6 -41 -496 91 335 136 -228 91 -7 -394 718 -75 -673 162 -100]

real	10m15.131s
user	10m12.676s
sys	0m0.096s
We have 80 dimensions
[-249 -286 211 298 -449 140 -227 -196 85 210 -303 23 -152 -402 87 -304 -90 324 -564 807 228 -163 61 237 -250 -164 616 -278 -204 157 112 445 82 293 -679 276 -49 321 270 -121 259 -66 189 746 -366 -565 167 644 436 -47 -417 107 -420 54 169 420 -249 68 176 -647 -71 400 -195 -212 328 -199 118 -141 -554 331 451 32 -156 -438 40 366 -107 -213 -58 416]

real	0m51.940s
user	0m51.904s
sys	0m0.012s
We have 85 dimensions
[-263 200 -186 -63 210 297 -56 539 88 -71 254 528 -193 -191 85 -408 -146 147 327 -184 227 -508 -202 -180 97 473 294 -99 -203 113 414 479 -553 -53 -567 297 213 -261 41 291 382 664 -39 235 -197 85 -47 492 607 517 -175 39 -201 -162 485 -61 22 -658 -246 -492 -158 197 298 -429 -229 93 473 369 -21 672 390 163 -215 -42 393 -25 180 -174 252 261 102 351 15 756 -321]

real	3m57.761s
user	3m57.644s
sys	0m0.016s
We have 90 dimensions
[-97 -402 -229 185 -406 -160 -310 -200 180 264 309 401 -232 246 745 -562 -12 15 108 382 -150 -659 -139 -571 -280 -510 -135 491 196 -218 -94 639 217 -468 125 529 247 -449 403 -120 -60 -113 -197 341 148 -566 286 81 -318 109 99 -309 698 -98 -172 -23 -941 -45 325 595 -93 228 -90 -108 -503 212 -312 -237 39 181 34 109 107 19 -306 -91 -140 -127 -158 341 -337 -129 0 47 -293 -219 -157 289 477 -42]

real	32m50.594s
user	32m50.192s
sys	0m0.032s
We have 95 dimensions
[-157 -108 62 357 348 252 -402 667 194 617 556 129 91 497 279 -17 -492 413 -125 109 -480 433 138 82 158 -348 436 -252 234 114 68 -193 280 -181 -150 -376 75 627 -106 589 135 552 -375 89 7 -530 4 -303 -357 -94 -69 145 196 -675 167 257 380 92 138 -116 63 713 58 -60 -470 148 284 -141 -241 160 -548 -156 -313 3 -729 153 448 312 277 295 487 15 410 -8 -198 -95 -119 -406 -257 261 -395 372 580 -192 -490]

real	26m55.427s
user	26m54.820s
sys	0m0.100s
We have 100 dimensions
[-35 442 -15 -222 -432 19 -360 -74 211 -297 59 199 -332 -443 245 407 345 -278 97 -434 -279 -58 -437 537 -75 -278 -68 -730 -336 -472 -53 -800 117 371 98 283 -88 -278 59 182 -498 -159 -478 -262 -140 -589 -42 -101 71 -72 404 29 -75 123 -208 -281 315 152 -521 -229 271 -127 -74 403 26 282 -819 -400 450 -124 -302 37 127 -249 -273 24 -12 -445 -287 82 282 225 660 655 -320 105 33 -239 -531 610 461 500 16 218 -58 200 -248 409 -655 -199]

real	160m51.835s
user	160m47.348s
sys	0m0.200s
We have 105 dimensions
[-111 167 -387 -72 301 63 109 -238 -52 -344 100 772 95 254 -337 38 -58 110 -314 -111 591 45 -434 271 -111 222 623 115 536 260 404 -320 -418 408 -222 -305 277 421 366 -21 151 210 106 -438 171 240 -490 -101 -58 530 269 -315 44 -158 -307 42 -447 -54 -284 4 723 282 -513 -579 -268 465 -266 -131 -371 -125 50 -219 -181 -356 535 -372 -324 534 222 -390 -77 -592 123 170 -73 -26 240 123 246 354 -39 -66 -37 53 -217 339 -187 -83 -272 33 879 -179 187 -569 -41]

real	55m56.815s
user	55m51.280s
sys	0m0.100s
We have 110 dimensions
[-33 132 14 122 -292 124 326 327 -541 404 -172 -83 -311 -282 -498 -280 112 143 -711 -737 -368 -198 -118 135 -271 -85 -741 -55 143 -165 23 -396 -144 -162 -58 -283 -416 405 184 -241 -20 164 -98 -69 -415 471 84 -220 -55 -453 107 -14 220 -524 -208 -130 50 -12 312 385 656 113 -333 254 -501 16 -46 -322 252 24 70 -288 280 -529 -433 55 378 -64 38 377 280 -63 -48 255 -442 69 174 375 514 -169 -877 -670 755 -27 272 316 -376 439 -401 -58 -590 -3 -407 706 160 -291 -337 79 -292 -341]

real	254m13.060s
user	254m6.976s
sys	0m0.336s
We have 115 dimensions
