How long does SVP take for different matrices sizes
We have 10 dimensions
[-212 241 -431 -29 39 15 33 26 286 57]

real	0m0.013s
user	0m0.008s
sys	0m0.000s
We have 20 dimensions
[203 143 114 -269 -432 -341 -150 119 -46 189 -451 -26 -24 622 -18 120 418 -111 256 76]

real	0m0.013s
user	0m0.008s
sys	0m0.000s
We have 30 dimensions
[-37 -190 -459 393 67 192 -309 438 317 -147 -218 388 98 124 419 396 22 -87 173 -108 112 -233 -339 79 -305 -255 72 187 399 255]

real	0m0.015s
user	0m0.008s
sys	0m0.000s
We have 40 dimensions
[-294 -388 237 -318 184 -267 37 -39 -55 146 505 -168 4 305 160 -88 -262 -135 -488 258 270 -606 178 208 388 237 218 -348 -246 158 -92 41 167 176 -359 -362 209 455 485 470]

real	0m0.023s
user	0m0.016s
sys	0m0.000s
We have 50 dimensions
[-444 -92 578 50 -108 369 7 -494 -226 -494 26 -2 409 48 -394 -12 -78 -205 251 -110 -30 -142 110 -59 413 -132 -601 72 577 -587 228 -113 333 256 -281 417 -288 -196 247 -194 261 395 -385 -302 417 273 317 -37 -240 87]

real	0m0.400s
user	0m0.392s
sys	0m0.000s
We have 60 dimensions
[61 -100 160 130 406 661 209 -64 632 70 -401 -506 600 131 -147 -262 206 291 431 89 -106 192 -127 -141 249 -172 32 491 34 -168 581 318 51 64 58 -345 -97 -223 286 -524 192 -135 647 -101 164 495 -212 102 -7 47 -381 92 -68 -254 -19 -186 318 9 41 -814]

real	0m0.180s
user	0m0.172s
sys	0m0.000s
We have 70 dimensions
[-112 -360 257 287 -626 429 -237 314 392 -125 64 -405 123 -296 16 349 -11 682 564 366 -154 543 49 542 -60 -563 -148 -383 203 -36 569 19 16 22 -28 134 -193 -492 -65 313 214 -12 -606 298 -50 397 380 -196 -141 -256 -354 131 224 -425 -394 264 78 102 -255 417 136 396 -222 347 -208 23 -257 556 -330 179]

real	0m3.385s
user	0m3.380s
sys	0m0.000s
We have 80 dimensions
[-249 -286 211 298 -449 140 -227 -196 85 210 -303 23 -152 -402 87 -304 -90 324 -564 807 228 -163 61 237 -250 -164 616 -278 -204 157 112 445 82 293 -679 276 -49 321 270 -121 259 -66 189 746 -366 -565 167 644 436 -47 -417 107 -420 54 169 420 -249 68 176 -647 -71 400 -195 -212 328 -199 118 -141 -554 331 451 32 -156 -438 40 366 -107 -213 -58 416]

real	0m10.029s
user	0m10.024s
sys	0m0.000s
We have 90 dimensions
[-97 -402 -229 185 -406 -160 -310 -200 180 264 309 401 -232 246 745 -562 -12 15 108 382 -150 -659 -139 -571 -280 -510 -135 491 196 -218 -94 639 217 -468 125 529 247 -449 403 -120 -60 -113 -197 341 148 -566 286 81 -318 109 99 -309 698 -98 -172 -23 -941 -45 325 595 -93 228 -90 -108 -503 212 -312 -237 39 181 34 109 107 19 -306 -91 -140 -127 -158 341 -337 -129 0 47 -293 -219 -157 289 477 -42]

real	6m34.255s
user	6m34.248s
sys	0m0.000s
We have 100 dimensions
[-35 442 -15 -222 -432 19 -360 -74 211 -297 59 199 -332 -443 245 407 345 -278 97 -434 -279 -58 -437 537 -75 -278 -68 -730 -336 -472 -53 -800 117 371 98 283 -88 -278 59 182 -498 -159 -478 -262 -140 -589 -42 -101 71 -72 404 29 -75 123 -208 -281 315 152 -521 -229 271 -127 -74 403 26 282 -819 -400 450 -124 -302 37 127 -249 -273 24 -12 -445 -287 82 282 225 660 655 -320 105 33 -239 -531 610 461 500 16 218 -58 200 -248 409 -655 -199]

real	59m34.269s
user	59m34.184s
sys	0m0.020s
We have 110 dimensions
